(34, 3, 0, -4) : 17
(0, 0, -3, -7) : 1
(26, 3, -1, -6) : 3
(0, 0, -8, -7) : 7
(23, 3, -2, -6) : 4
(0, 0, -5, -7) : 3
(0, 0, -6, -8) : 1
(0, 0, -11, -8) : 5
(0, 0, -9, -5) : 7
(27, 3, -1, -5) : 4
(32, 3, 0, -4) : 8
(28, 3, -2, -4) : 4
(30, 3, -1, -4) : 6
(30, 3, 0, -7) : 4
(26, 3, -3, -4) : 4
(22, 3, -5, -4) : 4
(32, 3, 0, -5) : 8
(0, 0, -4, -7) : 3
(24, 3, -4, -4) : 4
(31, 3, 0, -6) : 2
(27, 3, -1, -7) : 3
(26, 3, -1, -3) : 2
(34, 3, 0, 0) : 1
(29, 3, -1, -2) : 14
(19, 3, -4, -2) : 6
(0, 0, -10, -8) : 3
(34, 3, 0, -1) : 10
(0, 0, -11, -7) : 5
(31, 3, -1, 0) : 4
(36, 3, 0, 0) : 12
(32, 3, -1, 0) : 12
(34, 3, 0, -2) : 8
(30, 3, -2, 0) : 6
(35, 3, 0, -1) : 8
(37, 3, 0, 0) : 5
(28, 3, -3, 0) : 6
(32, 3, 0, -3) : 4
(0, 0, -11, -10) : 2
(0, 0, -3, -6) : 1
(0, 0, -9, -8) : 5
(0, 0, -8, -6) : 3
(26, 3, -1, -2) : 1
(0, 0, -11, -9) : 4
(0, 0, -2, -4) : 3
(0, 0, -7, -7) : 3
(0, 0, -2, -2) : 1
(0, 0, -6, -1) : 2
(0, 0, -1, -1) : 1
(0, 0, -2, -3) : 3
(0, 0, -10, -3) : 3
(0, 0, -4, -1) : 1
(0, 0, -9, -7) : 3
(32, 3, -2, 0) : 9
(0, 0, 0, -5) : 2
(0, 0, -9, 0) : 2
(0, 0, -9, -3) : 3
(37, 3, 0, -1) : 7
(34, 3, -1, 0) : 12
(0, 0, -10, -2) : 2
(0, 0, -5, 0) : 1
(0, 0, -9, -2) : 1
(33, 3, 0, -2) : 1
(39, 3, 0, 0) : 33
(33, 3, 0, -3) : 6
(0, 0, -12, -7) : 5
(24, 3, -3, -5) : 2
(24, 3, -3, -6) : 2
(0, 0, -12, -9) : 1
(35, 3, 0, -2) : 12
(31, 3, -2, -3) : 4
(39, 3, 0, -1) : 24
(38, 3, 0, 0) : 12
(38, 3, 0, -1) : 44
(36, 3, -1, 0) : 11
(40, 3, 0, 0) : 44
(31, 3, -1, -1) : 5
(30, 3, -1, -2) : 8
(26, 3, -3, -2) : 7
(37, 3, 0, -2) : 28
(0, 0, -9, -4) : 6
(23, 3, -2, -3) : 2
(0, 0, -7, -10) : 1
(0, 0, -10, -7) : 5
(29, 3, -1, -3) : 8
(34, 3, 0, -3) : 4
(32, 3, -1, -2) : 10
(36, 3, 0, -2) : 25
(28, 3, -1, -4) : 6
(0, 0, -8, -9) : 3
(34, 3, -1, -2) : 10
(0, 0, -6, -10) : 1
(31, 3, -1, -3) : 8
(0, 0, -11, -6) : 4
(33, 3, 0, -4) : 10
(30, 3, -2, -2) : 4
(31, 3, -1, -2) : 23
(27, 3, -1, -6) : 3
(0, 0, -8, -10) : 1
(24, 3, -4, -2) : 2
(0, 0, -10, -6) : 5
(31, 3, -3, 0) : 2
(24, 3, -4, -3) : 2
(0, 0, -8, -5) : 1
(19, 3, -4, -5) : 3
(30, 3, -3, 0) : 6
(27, 3, -3, -3) : 4
(20, 3, -5, -6) : 1
(28, 3, -3, -2) : 5
(20, 3, -5, -5) : 2
(0, 0, -5, -9) : 1
(0, 0, -8, -8) : 1
(0, 0, -6, -5) : 1
(0, 0, -10, -9) : 4
(0, 0, -11, -5) : 6
(0, 0, -11, -4) : 3
(29, 3, -1, -4) : 2
(35, 3, 0, -3) : 8
(0, 0, -8, -4) : 1
(36, 3, 0, -3) : 6
(19, 3, -4, -4) : 1
(0, 0, -11, -3) : 1
(0, 0, -7, -2) : 1
(20, 3, -5, -4) : 1
(0, 0, -6, -7) : 1
(0, 0, -10, -11) : 2
(0, 0, -8, -3) : 1
(0, 0, -7, -11) : 1
(0, 0, -5, -6) : 1
(0, 0, -12, -8) : 1
(0, 0, -11, -11) : 1
(0, 0, -7, -3) : 1
(0, 0, -10, -4) : 1
(0, 0, -6, -4) : 1
(24, 3, -4, -1) : 2
(33, 3, -1, 0) : 7
(17, 3, -6, -1) : 2
(27, 3, -2, -3) : 2
(25, 3, -2, -1) : 1
(29, 3, -2, 0) : 2
(32, 3, -1, -1) : 10
(26, 3, -2, -2) : 5
(28, 3, -2, -2) : 3
(25, 3, -3, -2) : 3
(28, 3, -2, -1) : 3
(0, 0, -7, -1) : 1
(8, 3, -8, -2) : 1
(28, 3, -1, -5) : 2
(25, 3, -2, -3) : 2
(23, 3, -3, -4) : 2
(8, 3, -8, -1) : 1
(26, 3, -3, -1) : 1
(22, 3, -3, -3) : 2
(33, 3, -1, -1) : 3
(17, 3, -5, -4) : 2
(24, 3, -2, -4) : 2
(16, 3, -5, -3) : 2
(33, 3, -2, 0) : 14
(35, 3, -1, -1) : 15
(22, 3, -5, 0) : 1
(35, 3, -1, 0) : 10
(32, 3, -2, -1) : 7
(22, 3, -5, -1) : 3
(41, 3, 0, 0) : 13
(22, 3, -4, -3) : 1
(37, 3, -1, 0) : 18
(25, 3, -4, -4) : 2
(42, 3, 0, 0) : 4
(29, 3, -2, -1) : 1
(35, 3, -1, -3) : 2
(34, 3, -1, -1) : 6
(0, 0, -5, -4) : 1
(31, 3, -2, -2) : 5
(33, 3, -2, -2) : 2
(29, 3, -3, -1) : 3
(38, 3, -1, 0) : 7
(34, 3, -2, 0) : 4
(31, 3, -2, -1) : 6
(30, 3, -3, -1) : 4
(33, 3, -2, -1) : 2
(0, 0, -12, -11) : 1
(38, 3, 0, -2) : 12
(37, 3, 0, -3) : 2
(28, 3, -2, -3) : 2
(0, 0, -8, -2) : 1
(33, 3, 0, -5) : 2
(26, 3, -2, -7) : 2
(0, 0, -12, -6) : 1
(0, 0, 0, 0) : 1
(29, 3, -3, -2) : 5
(39, 3, 0, -2) : 1
(35, 3, 0, -4) : 2
(26, 3, -2, -1) : 1
(35, 3, -1, -2) : 3
(14, 3, -6, -5) : 1
(14, 3, -6, -7) : 1
(36, 3, 0, -1) : 1
(25, 3, -3, -1) : 1
(8, 3, -8, -3) : 1
(0, 0, -12, -12) : 1
(22, 3, -4, -2) : 1
(28, 3, -3, -3) : 1
(26, 3, -1, -2) : 2
(34, 3, 0, 0) : 1
(0, 0, -11, -9) : 4
(34, 3, 0, -1) : 10
(0, 0, -10, -8) : 6
(29, 3, -1, -2) : 14
(19, 3, -4, -2) : 6
(35, 3, 0, -1) : 8
(36, 3, 0, 0) : 12
(30, 3, -2, 0) : 6
(32, 3, -1, 0) : 12
(32, 3, 0, -3) : 4
(28, 3, -3, 0) : 6
(37, 3, 0, 0) : 5
(31, 3, -1, 0) : 4
(34, 3, 0, -2) : 8
(26, 3, -1, -6) : 1
(34, 3, 0, -4) : 13
(0, 0, -11, -10) : 4
(23, 3, -2, -6) : 2
(0, 0, -11, -6) : 5
(0, 0, -4, -8) : 2
(0, 0, -8, -8) : 2
(32, 3, 0, -5) : 4
(0, 0, -7, -5) : 1
(32, 3, 0, -4) : 6
(31, 3, 0, -6) : 1
(24, 3, -4, -4) : 2
(27, 3, -1, -5) : 2
(0, 0, -9, -6) : 5
(22, 3, -5, -4) : 2
(30, 3, 0, -7) : 2
(28, 3, -2, -4) : 2
(30, 3, -1, -4) : 4
(26, 3, -3, -4) : 2
(27, 3, -1, -7) : 2
(26, 3, -1, -3) : 1
(0, 0, -1, -1) : 1
(0, 0, 0, -3) : 1
(0, 0, -2, -4) : 4
(0, 0, -2, -2) : 1
(0, 0, -1, -2) : 2
(0, 0, -9, -2) : 5
(32, 3, -2, 0) : 11
(0, 0, -7, -7) : 2
(0, 0, 0, -2) : 1
(0, 0, -1, 0) : 1
(0, 0, 0, -4) : 1
(0, 0, -9, -9) : 4
(0, 0, -8, -12) : 1
(0, 0, -9, -7) : 8
(0, 0, -9, 0) : 1
(0, 0, -11, -2) : 2
(0, 0, -9, -1) : 2
(37, 3, 0, -1) : 8
(34, 3, -1, 0) : 12
(0, 0, -11, -8) : 1
(0, 0, -6, -3) : 1
(0, 0, -4, -2) : 1
(0, 0, -8, -5) : 2
(0, 0, -7, 0) : 1
(30, 3, -3, 0) : 6
(20, 3, -5, -5) : 2
(20, 3, -5, -3) : 1
(0, 0, -8, -1) : 1
(27, 3, -3, -3) : 4
(24, 3, -4, -2) : 3
(0, 0, -6, -2) : 2
(19, 3, -4, -5) : 4
(0, 0, -11, -3) : 1
(26, 3, -3, -2) : 8
(28, 3, -3, -2) : 6
(31, 3, -3, 0) : 2
(0, 0, -8, -9) : 2
(0, 0, -10, -9) : 2
(0, 0, -2, -3) : 2
(0, 0, -11, -5) : 4
(33, 3, 0, -3) : 6
(0, 0, -10, -12) : 1
(0, 0, -6, -11) : 1
(29, 3, -1, -3) : 8
(35, 3, 0, -2) : 12
(37, 3, 0, -2) : 27
(32, 3, -1, -2) : 10
(0, 0, -8, -3) : 3
(30, 3, -2, -2) : 4
(33, 3, 0, -4) : 10
(34, 3, -1, -2) : 10
(31, 3, -1, -3) : 8
(36, 3, 0, -2) : 24
(34, 3, 0, -3) : 4
(0, 0, -10, -7) : 3
(27, 3, -1, -6) : 3
(28, 3, -1, -4) : 6
(31, 3, -1, -2) : 23
(0, 0, -8, -13) : 2
(39, 3, 0, 0) : 33
(33, 3, 0, -2) : 1
(0, 0, -12, -9) : 3
(38, 3, 0, 0) : 12
(36, 3, -1, 0) : 11
(38, 3, 0, -1) : 43
(39, 3, 0, -1) : 24
(24, 3, -3, -6) : 4
(31, 3, -2, -3) : 4
(31, 3, -1, -1) : 5
(40, 3, 0, 0) : 43
(30, 3, -1, -2) : 8
(23, 3, -2, -3) : 2
(0, 0, -8, -6) : 1
(0, 0, -11, -4) : 3
(35, 3, 0, -3) : 8
(29, 3, -1, -4) : 2
(36, 3, 0, -3) : 7
(0, 0, -9, -5) : 3
(0, 0, -11, -7) : 2
(0, 0, -10, -6) : 2
(0, 0, -10, -14) : 1
(0, 0, -10, -5) : 2
(0, 0, -10, -10) : 2
(0, 0, -8, -7) : 5
(0, 0, -12, -8) : 2
(0, 0, -8, -10) : 1
(0, 0, -8, -4) : 1
(0, 0, -7, -6) : 1
(0, 0, -9, -4) : 3
(20, 3, -5, -4) : 1
(0, 0, -9, -3) : 1
(24, 3, -4, -3) : 1
(0, 0, -6, -1) : 1
(0, 0, -10, -4) : 1
(0, 0, -7, -4) : 1
(0, 0, -9, -10) : 1
(0, 0, -10, -3) : 2
(26, 3, -2, -7) : 2
(25, 3, -3, -1) : 1
(35, 3, -1, -2) : 8
(31, 3, -2, -1) : 6
(34, 3, -1, -1) : 6
(38, 3, 0, -2) : 13
(33, 3, 0, -5) : 2
(28, 3, -2, -3) : 1
(35, 3, -1, -1) : 10
(26, 3, -2, -2) : 3
(33, 3, -1, 0) : 7
(35, 3, -1, 0) : 10
(36, 3, 0, -1) : 1
(37, 3, -1, 0) : 18
(0, 0, -5, 0) : 1
(24, 3, -4, -1) : 2
(29, 3, -2, 0) : 2
(32, 3, -1, -1) : 10
(25, 3, -2, -1) : 1
(17, 3, -6, -1) : 2
(27, 3, -2, -3) : 2
(41, 3, 0, 0) : 13
(34, 3, -2, 0) : 4
(28, 3, -2, -2) : 5
(33, 3, -2, 0) : 14
(29, 3, -3, -2) : 6
(26, 3, -2, -3) : 3
(31, 3, -2, -2) : 5
(8, 3, -8, -4) : 1
(35, 3, 0, -4) : 2
(25, 3, -4, -4) : 2
(30, 3, -3, -1) : 4
(37, 3, 0, -3) : 2
(39, 3, 0, -2) : 1
(32, 3, -2, -1) : 4
(33, 3, -1, -1) : 3
(38, 3, -1, 0) : 7
(42, 3, 0, 0) : 4
(0, 0, -12, -11) : 1
(22, 3, -5, -1) : 2
(22, 3, -5, 0) : 2
(0, 0, -12, -7) : 2
(17, 3, -5, -4) : 2
(8, 3, -8, -1) : 1
(24, 3, -2, -4) : 2
(25, 3, -3, -2) : 2
(28, 3, -2, -1) : 2
(16, 3, -5, -3) : 2
(8, 3, -8, -3) : 1
(28, 3, -1, -5) : 2
(25, 3, -2, -3) : 2
(22, 3, -3, -3) : 2
(23, 3, -3, -4) : 2
(0, 0, -5, -5) : 1
(25, 3, -3, -3) : 1
(0, 0, -12, -5) : 2
(29, 3, -3, -1) : 2
(33, 3, -2, -1) : 2
(33, 3, -2, -2) : 2
(0, 0, -6, -5) : 1
(32, 3, -2, -2) : 1
(29, 3, -2, -1) : 1
(35, 3, -1, -3) : 2
(22, 3, -4, -2) : 2
(14, 3, -6, -6) : 1
(14, 3, -6, -7) : 1
(26, 3, -1, -3) : 1
(26, 3, -1, -2) : 1
(0, 0, -2, -4) : 3
(0, 0, -2, -2) : 1
(0, 0, -7, -6) : 2
(0, 0, -1, 0) : 1
(0, 0, -2, -3) : 3
(0, 0, -7, -4) : 2
(0, 0, -7, -1) : 1
(0, 0, -8, -3) : 2
(0, 0, -9, 0) : 1
(34, 3, -1, 0) : 12
(0, 0, -7, -3) : 2
(0, 0, -9, -2) : 4
(0, 0, -10, -3) : 3
(37, 3, 0, -1) : 7
(32, 3, -2, 0) : 10
(0, 0, -5, -7) : 1
(0, 0, -9, -8) : 4
(0, 0, 0, -6) : 2
(0, 0, -11, 0) : 1
(0, 0, -6, 0) : 1
(0, 0, -11, -2) : 1
(0, 0, -10, -9) : 2
(0, 0, -9, -11) : 1
(0, 0, -9, -7) : 2
(0, 0, -3, -7) : 2
(23, 3, -2, -6) : 4
(0, 0, -5, -6) : 1
(0, 0, -7, -7) : 2
(0, 0, -11, -8) : 6
(0, 0, -6, -8) : 2
(27, 3, -1, -5) : 4
(22, 3, -5, -4) : 4
(26, 3, -3, -4) : 4
(0, 0, -10, -6) : 5
(32, 3, 0, -5) : 8
(34, 3, 0, -4) : 15
(32, 3, 0, -4) : 8
(30, 3, -1, -4) : 6
(28, 3, -2, -4) : 4
(30, 3, 0, -7) : 4
(24, 3, -4, -4) : 4
(31, 3, 0, -6) : 2
(0, 0, -4, -7) : 1
(27, 3, -1, -7) : 3
(0, 0, -11, -10) : 2
(0, 0, -11, -9) : 3
(0, 0, -8, -7) : 1
(0, 0, -8, -5) : 1
(23, 3, -2, -3) : 2
(29, 3, -1, -3) : 10
(0, 0, -9, -5) : 3
(33, 3, 0, -3) : 6
(0, 0, -9, -13) : 1
(0, 0, -8, -6) : 3
(32, 3, -1, -2) : 10
(37, 3, 0, -2) : 28
(0, 0, -9, -9) : 2
(35, 3, 0, -2) : 12
(0, 0, -8, -8) : 5
(28, 3, -1, -4) : 6
(0, 0, -11, -7) : 7
(0, 0, -5, -8) : 1
(34, 3, 0, -3) : 4
(36, 3, 0, -2) : 25
(0, 0, -11, -5) : 5
(31, 3, -1, -3) : 8
(33, 3, 0, -4) : 10
(34, 3, -1, -2) : 10
(0, 0, -6, -11) : 2
(0, 0, -9, -10) : 1
(30, 3, -2, -2) : 4
(31, 3, -1, -2) : 22
(27, 3, -1, -6) : 3
(0, 0, -7, -10) : 1
(0, 0, -9, -3) : 3
(0, 0, -10, -8) : 2
(0, 0, -11, -11) : 1
(0, 0, -7, -5) : 3
(0, 0, -6, -2) : 1
(0, 0, -7, -8) : 1
(0, 0, -10, -4) : 2
(0, 0, -9, -6) : 4
(0, 0, -10, -5) : 5
(34, 3, 0, -2) : 6
(19, 3, -4, -3) : 2
(29, 3, -1, -4) : 2
(35, 3, 0, -3) : 8
(29, 3, -1, -2) : 8
(30, 3, -1, -2) : 8
(36, 3, 0, -3) : 6
(33, 3, 0, -2) : 1
(39, 3, 0, 0) : 33
(39, 3, 0, -1) : 24
(36, 3, -1, 0) : 11
(38, 3, 0, -1) : 43
(0, 0, -12, -7) : 5
(38, 3, 0, 0) : 12
(40, 3, 0, 0) : 45
(24, 3, -3, -5) : 2
(31, 3, -1, -1) : 6
(24, 3, -3, -6) : 2
(31, 3, -2, -3) : 4
(0, 0, -12, -9) : 2
(26, 3, -3, -2) : 7
(0, 0, -9, -4) : 2
(0, 0, -8, -1) : 2
(31, 3, -3, 0) : 2
(24, 3, -4, -3) : 2
(24, 3, -4, -2) : 2
(0, 0, -11, -6) : 4
(0, 0, -10, -7) : 1
(19, 3, -4, -4) : 4
(20, 3, -5, -6) : 1
(28, 3, -3, -2) : 5
(30, 3, -3, 0) : 6
(27, 3, -3, -3) : 4
(20, 3, -5, -5) : 2
(0, 0, -11, -12) : 1
(0, 0, -7, -11) : 1
(0, 0, -4, -4) : 1
(0, 0, -8, -9) : 2
(0, 0, -8, -4) : 1
(0, 0, -8, -10) : 1
(20, 3, -5, -4) : 1
(0, 0, -12, -8) : 1
(33, 3, -1, 0) : 8
(38, 3, 0, -2) : 13
(32, 3, -1, -1) : 10
(35, 3, -1, -1) : 14
(37, 3, 0, -3) : 2
(41, 3, 0, 0) : 13
(37, 3, -1, 0) : 18
(33, 3, -2, 0) : 14
(8, 3, -8, -2) : 1
(23, 3, -3, -4) : 2
(25, 3, -2, -3) : 2
(26, 3, -2, -2) : 5
(28, 3, -2, -2) : 3
(28, 3, -2, -1) : 3
(25, 3, -3, -2) : 4
(28, 3, -1, -5) : 2
(8, 3, -8, -1) : 1
(22, 3, -3, -3) : 2
(26, 3, -3, -1) : 1
(16, 3, -5, -3) : 2
(33, 3, -1, -1) : 2
(17, 3, -5, -4) : 2
(24, 3, -2, -4) : 2
(32, 3, -2, -1) : 6
(31, 3, -2, -2) : 5
(28, 3, -2, -3) : 2
(39, 3, 0, -2) : 1
(29, 3, -3, -2) : 5
(25, 3, -4, -4) : 2
(30, 3, -3, -1) : 4
(35, 3, 0, -4) : 2
(32, 3, -1, 0) : 4
(22, 3, -5, -1) : 2
(37, 3, 0, 0) : 1
(35, 3, -1, 0) : 10
(35, 3, -1, -2) : 5
(22, 3, -5, 0) : 2
(30, 3, -2, 0) : 2
(34, 3, -1, -1) : 6
(22, 3, -4, -3) : 1
(28, 3, -3, 0) : 2
(38, 3, -1, 0) : 7
(31, 3, -2, -1) : 6
(14, 3, -6, -5) : 1
(42, 3, 0, 0) : 4
(27, 3, -2, -3) : 2
(24, 3, -4, -1) : 2
(17, 3, -6, -1) : 2
(25, 3, -2, -1) : 1
(29, 3, -2, 0) : 2
(36, 3, 0, -1) : 1
(26, 3, -2, -1) : 1
(0, 0, -12, -6) : 1
(29, 3, -3, -1) : 3
(14, 3, -6, -8) : 1
(33, 3, -2, -2) : 2
(34, 3, -2, 0) : 4
(33, 3, -2, -1) : 2
(0, 0, -12, -12) : 1
(29, 3, -2, -1) : 1
(35, 3, -1, -3) : 1
(0, 0, 0, 0) : 1
(26, 3, -2, -8) : 2
(33, 3, 0, -5) : 2
(0, 0, -4, -6) : 1
(8, 3, -8, -3) : 1
(22, 3, -4, -2) : 1
(28, 3, -3, -1) : 1
(34, 3, 0, 0) : 1
(29, 3, -1, -2) : 14
(19, 3, -4, -2) : 6
(0, 0, -10, -9) : 6
(34, 3, 0, -1) : 10
(0, 0, -11, -7) : 7
(31, 3, -1, 0) : 4
(36, 3, 0, 0) : 12
(32, 3, -1, 0) : 12
(35, 3, 0, -1) : 8
(30, 3, -2, 0) : 6
(37, 3, 0, 0) : 5
(28, 3, -3, 0) : 5
(32, 3, 0, -3) : 4
(34, 3, 0, -2) : 8
(0, 0, -8, -8) : 2
(0, 0, -10, -6) : 3
(0, 0, -5, -7) : 3
(0, 0, -2, -3) : 1
(39, 3, 0, 0) : 33
(33, 3, 0, -3) : 6
(33, 3, 0, -2) : 1
(0, 0, -12, -9) : 3
(35, 3, 0, -2) : 12
(39, 3, 0, -1) : 24
(38, 3, 0, -1) : 43
(36, 3, -1, 0) : 11
(38, 3, 0, 0) : 12
(30, 3, -1, -2) : 8
(26, 3, -3, -2) : 7
(37, 3, 0, -2) : 29
(40, 3, 0, 0) : 45
(24, 3, -3, -6) : 3
(31, 3, -2, -3) : 4
(31, 3, -1, -1) : 5
(0, 0, -7, -3) : 2
(0, 0, -11, -9) : 4
(0, 0, -10, -3) : 4
(0, 0, -9, -6) : 4
(31, 3, -3, 0) : 2
(0, 0, -11, -8) : 6
(24, 3, -4, -2) : 3
(0, 0, -11, 0) : 1
(19, 3, -4, -5) : 4
(30, 3, -3, 0) : 6
(20, 3, -5, -3) : 2
(28, 3, -3, -2) : 5
(27, 3, -3, -3) : 4
(20, 3, -5, -5) : 2
(0, 0, -6, -2) : 1
(0, 0, -10, -4) : 5
(0, 0, -10, -7) : 4
(0, 0, -11, -3) : 2
(0, 0, -7, -8) : 2
(23, 3, -2, -4) : 1
(0, 0, -11, -5) : 3
(33, 3, 0, -4) : 10
(29, 3, -1, -4) : 2
(0, 0, -9, -7) : 3
(31, 3, -1, -3) : 8
(29, 3, -1, -3) : 8
(36, 3, 0, -3) : 6
(36, 3, 0, -2) : 25
(35, 3, 0, -3) : 8
(31, 3, -1, -2) : 23
(0, 0, -8, -4) : 2
(34, 3, 0, -4) : 9
(32, 3, -1, -2) : 10
(0, 0, -11, -6) : 3
(34, 3, -1, -2) : 10
(0, 0, -9, -3) : 2
(30, 3, -2, -2) : 4
(0, 0, -9, -4) : 1
(28, 3, -1, -4) : 6
(32, 3, 0, -4) : 4
(0, 0, -8, -5) : 1
(0, 0, -5, -6) : 1
(27, 3, -1, -6) : 3
(34, 3, 0, -3) : 4
(0, 0, -10, -11) : 2
(0, 0, -9, -9) : 2
(0, 0, -7, -10) : 1
(0, 0, -7, -6) : 1
(0, 0, -9, -8) : 1
(0, 0, -10, -5) : 5
(24, 3, -4, -3) : 1
(0, 0, -7, -4) : 2
(0, 0, -2, -4) : 1
(0, 0, -12, -7) : 2
(24, 3, -3, -5) : 1
(23, 3, -2, -3) : 1
(27, 3, -1, -7) : 1
(0, 0, -10, -10) : 1
(0, 0, -10, -8) : 2
(0, 0, -11, -10) : 1
(0, 0, -6, -11) : 1
(0, 0, -10, -2) : 2
(0, 0, -10, -12) : 1
(33, 3, -1, 0) : 7
(33, 3, -1, -1) : 3
(37, 3, -1, 0) : 18
(35, 3, -1, -1) : 14
(37, 3, 0, -3) : 2
(41, 3, 0, 0) : 13
(33, 3, -2, 0) : 14
(0, 0, -4, -7) : 1
(32, 3, -1, -1) : 10
(38, 3, 0, -2) : 13
(28, 3, -2, -3) : 1
(34, 3, -1, -1) : 6
(31, 3, -2, -1) : 6
(26, 3, -2, -7) : 2
(25, 3, -3, -2) : 4
(35, 3, -1, -2) : 4
(33, 3, 0, -5) : 2
(32, 3, -2, 0) : 5
(35, 3, -1, 0) : 10
(22, 3, -5, 0) : 1
(28, 3, -2, -1) : 3
(37, 3, 0, -1) : 2
(22, 3, -5, -1) : 3
(32, 3, -2, -1) : 6
(39, 3, 0, -2) : 1
(30, 3, -3, -1) : 4
(25, 3, -4, -4) : 2
(8, 3, -8, -4) : 1
(26, 3, -2, -3) : 2
(35, 3, 0, -4) : 2
(31, 3, -2, -2) : 5
(29, 3, -3, -2) : 5
(34, 3, -1, 0) : 8
(42, 3, 0, 0) : 4
(0, 0, -12, -6) : 2
(25, 3, -2, -3) : 2
(38, 3, -1, 0) : 7
(28, 3, -3, -1) : 1
(14, 3, -6, -5) : 2
(23, 3, -3, -4) : 2
(22, 3, -3, -3) : 2
(29, 3, -3, -1) : 3
(22, 3, -4, -2) : 1
(0, 0, -12, -5) : 1
(26, 3, -2, -2) : 4
(36, 3, 0, -1) : 1
(25, 3, -2, -1) : 1
(0, 0, -9, -1) : 1
(27, 3, -2, -3) : 2
(17, 3, -6, -1) : 2
(24, 3, -4, -1) : 2
(29, 3, -2, 0) : 2
(34, 3, -2, 0) : 4
(28, 3, -2, -2) : 4
(22, 3, -4, -3) : 1
(8, 3, -8, -5) : 1
(0, 0, -1, -2) : 1
(33, 3, -2, -2) : 2
(28, 3, -1, -5) : 2
(33, 3, -2, -1) : 2
(26, 3, -3, -1) : 1
(0, 0, -12, -11) : 1
(0, 0, -6, -5) : 1
(16, 3, -5, -3) : 2
(35, 3, -1, -3) : 2
(29, 3, -2, -1) : 1
(30, 3, -1, -4) : 2
(17, 3, -5, -4) : 2
(8, 3, -8, -3) : 1
(24, 3, -2, -4) : 2
(0, 0, -12, -12) : 1
(28, 3, -3, -3) : 1
(32, 3, -2, -2) : 1
(0, 0, -9, -5) : 1
(23, 3, -2, -6) : 2
(0, 0, -11, -9) : 4
(0, 0, -11, -10) : 1
(0, 0, -8, -6) : 4
(0, 0, -2, -7) : 1
(27, 3, -1, -5) : 2
(0, 0, -8, -5) : 3
(32, 3, 0, -5) : 4
(32, 3, 0, -4) : 6
(30, 3, -1, -4) : 4
(28, 3, -2, -4) : 2
(31, 3, 0, -6) : 1
(0, 0, -10, -6) : 7
(24, 3, -4, -4) : 2
(34, 3, 0, -4) : 12
(22, 3, -5, -4) : 2
(30, 3, 0, -7) : 2
(26, 3, -3, -4) : 2
(27, 3, -1, -7) : 2
(0, 0, -11, -8) : 3
(0, 0, -2, -3) : 1
(33, 3, 0, -3) : 6
(0, 0, -7, -7) : 1
(0, 0, -9, -7) : 6
(29, 3, -1, -3) : 10
(30, 3, -2, -2) : 4
(34, 3, -1, -2) : 10
(0, 0, -8, -2) : 2
(0, 0, -11, -7) : 2
(31, 3, -1, -3) : 8
(35, 3, 0, -2) : 12
(0, 0, -8, -3) : 3
(32, 3, -1, -2) : 10
(37, 3, 0, -2) : 27
(0, 0, -10, -8) : 4
(33, 3, 0, -4) : 10
(36, 3, 0, -2) : 24
(0, 0, -9, -9) : 1
(27, 3, -1, -6) : 3
(34, 3, 0, -3) : 4
(0, 0, -7, -6) : 1
(31, 3, -1, -2) : 22
(0, 0, -6, -9) : 1
(28, 3, -1, -4) : 6
(19, 3, -4, -3) : 2
(23, 3, -2, -3) : 2
(34, 3, 0, -2) : 6
(0, 0, -9, -6) : 4
(0, 0, -8, -7) : 6
(0, 0, -11, -4) : 2
(35, 3, 0, -3) : 8
(29, 3, -1, -4) : 2
(0, 0, -11, -5) : 2
(36, 3, 0, -3) : 7
(30, 3, -1, -2) : 8
(29, 3, -1, -2) : 8
(0, 0, -4, -1) : 1
(0, 0, -6, -3) : 1
(0, 0, -9, -5) : 4
(0, 0, -9, -3) : 1
(0, 0, -8, -1) : 3
(24, 3, -4, -2) : 3
(26, 3, -3, -2) : 6
(0, 0, -10, -2) : 1
(31, 3, -3, 0) : 2
(20, 3, -5, -5) : 2
(30, 3, -3, 0) : 6
(27, 3, -3, -3) : 4
(28, 3, -3, -2) : 6
(20, 3, -5, -3) : 1
(19, 3, -4, -5) : 2
(0, 0, -7, -10) : 1
(0, 0, -10, -5) : 3
(19, 3, -4, -4) : 2
(0, 0, -7, -3) : 1
(0, 0, -8, -4) : 2
(0, 0, -9, -8) : 2
(0, 0, -8, -8) : 2
(0, 0, -8, -9) : 1
(0, 0, -7, -5) : 1
(0, 0, -5, -4) : 1
(39, 3, 0, 0) : 33
(33, 3, 0, -2) : 1
(0, 0, -12, -9) : 4
(38, 3, 0, 0) : 12
(24, 3, -3, -6) : 4
(31, 3, -1, -1) : 6
(38, 3, 0, -1) : 43
(40, 3, 0, 0) : 43
(36, 3, -1, 0) : 11
(39, 3, 0, -1) : 24
(31, 3, -2, -3) : 4
(0, 0, -11, -6) : 2
(0, 0, -10, -7) : 1
(0, 0, -5, -10) : 1
(0, 0, -9, -10) : 2
(0, 0, -10, -9) : 1
(0, 0, -11, -3) : 1
(0, 0, -2, -4) : 1
(0, 0, -6, -6) : 1
(0, 0, -12, -8) : 4
(0, 0, -6, -5) : 1
(0, 0, -9, -4) : 3
(20, 3, -5, -4) : 1
(0, 0, -6, -2) : 2
(24, 3, -4, -3) : 1
(26, 3, -2, -2) : 4
(28, 3, -2, -2) : 5
(28, 3, -2, -1) : 2
(25, 3, -3, -2) : 4
(8, 3, -8, -1) : 1
(26, 3, -3, -1) : 2
(33, 3, -1, -1) : 2
(17, 3, -5, -4) : 2
(24, 3, -2, -4) : 2
(32, 3, -1, -1) : 10
(8, 3, -8, -3) : 2
(16, 3, -5, -3) : 2
(28, 3, -1, -5) : 2
(23, 3, -3, -4) : 2
(25, 3, -2, -3) : 2
(22, 3, -3, -3) : 2
(24, 3, -4, -1) : 2
(34, 3, -1, 0) : 8
(0, 0, -9, -2) : 1
(33, 3, -1, 0) : 8
(32, 3, -1, 0) : 4
(29, 3, -2, 0) : 2
(32, 3, -2, 0) : 8
(17, 3, -6, -1) : 2
(25, 3, -2, -1) : 1
(30, 3, -2, 0) : 2
(27, 3, -2, -3) : 2
(28, 3, -3, 0) : 2
(37, 3, -1, 0) : 18
(36, 3, 0, -1) : 1
(35, 3, -1, 0) : 10
(33, 3, -2, 0) : 14
(35, 3, -1, -2) : 7
(0, 0, -5, -6) : 1
(22, 3, -5, -1) : 2
(22, 3, -5, 0) : 2
(37, 3, 0, -1) : 4
(34, 3, -1, -1) : 6
(30, 3, -3, -1) : 4
(38, 3, -1, 0) : 7
(34, 3, -2, 0) : 4
(31, 3, -2, -1) : 6
(35, 3, -1, -1) : 11
(31, 3, -2, -2) : 5
(26, 3, -2, -3) : 2
(33, 3, -2, -2) : 2
(29, 3, -3, -1) : 2
(33, 3, -2, -1) : 2
(25, 3, -4, -4) : 2
(42, 3, 0, 0) : 4
(29, 3, -2, -1) : 1
(35, 3, -1, -3) : 2
(22, 3, -4, -2) : 2
(41, 3, 0, 0) : 13
(38, 3, 0, -2) : 13
(33, 3, 0, -5) : 2
(26, 3, -2, -8) : 2
(28, 3, -2, -3) : 1
(0, 0, -5, -3) : 1
(37, 3, 0, -3) : 2
(29, 3, -3, -2) : 6
(35, 3, 0, -4) : 2
(39, 3, 0, -2) : 1
(32, 3, -2, -1) : 4
(0, 0, -1, 0) : 1
(0, 0, -12, -7) : 1
(0, 0, -12, -6) : 1
(37, 3, 0, 0) : 1
(14, 3, -6, -6) : 1
(14, 3, -6, -8) : 1
(23, 3, -2, -4) : 2
(34, 3, 0, -2) : 6
(0, 0, -11, -8) : 4
(19, 3, -4, -3) : 2
(33, 3, 0, -4) : 10
(0, 0, -8, -4) : 2
(0, 0, -10, -6) : 4
(0, 0, -11, -6) : 5
(29, 3, -1, -4) : 2
(37, 3, 0, -2) : 29
(0, 0, -11, -7) : 7
(0, 0, -11, -4) : 3
(36, 3, 0, -3) : 6
(31, 3, -1, -3) : 8
(30, 3, -1, -2) : 8
(29, 3, -1, -2) : 8
(29, 3, -1, -3) : 10
(36, 3, 0, -2) : 25
(31, 3, -1, -2) : 23
(35, 3, 0, -3) : 8
(0, 0, -2, -3) : 3
(0, 0, -9, -4) : 1
(33, 3, 0, -3) : 6
(0, 0, -10, -2) : 2
(34, 3, 0, -4) : 9
(0, 0, -10, -9) : 1
(34, 3, -1, -2) : 10
(30, 3, -2, -2) : 4
(32, 3, -1, -2) : 10
(0, 0, -11, -9) : 3
(0, 0, -9, -6) : 1
(0, 0, -7, -7) : 2
(35, 3, 0, -2) : 12
(0, 0, -9, -5) : 2
(0, 0, -10, -13) : 1
(0, 0, -10, -4) : 1
(28, 3, -1, -4) : 6
(32, 3, 0, -4) : 4
(27, 3, -1, -6) : 3
(0, 0, -8, -5) : 4
(0, 0, -11, -10) : 2
(0, 0, -9, -8) : 2
(34, 3, 0, -3) : 4
(0, 0, -5, -6) : 1
(33, 3, 0, -2) : 1
(39, 3, 0, 0) : 33
(38, 3, 0, 0) : 12
(0, 0, -12, -9) : 3
(38, 3, 0, -1) : 42
(36, 3, -1, 0) : 11
(39, 3, 0, -1) : 24
(26, 3, -3, -2) : 8
(31, 3, -2, -3) : 4
(31, 3, -1, -1) : 5
(40, 3, 0, 0) : 45
(24, 3, -3, -6) : 3
(0, 0, -5, -8) : 1
(0, 0, -8, -7) : 2
(0, 0, -10, -8) : 3
(0, 0, -7, -6) : 4
(0, 0, -11, -5) : 3
(0, 0, -10, -3) : 2
(0, 0, -10, -1) : 1
(31, 3, -3, 0) : 2
(20, 3, -5, -3) : 2
(30, 3, -3, 0) : 6
(20, 3, -5, -5) : 2
(0, 0, -9, -1) : 1
(28, 3, -3, -2) : 5
(19, 3, -4, -5) : 1
(0, 0, -6, -1) : 1
(24, 3, -4, -2) : 3
(27, 3, -3, -3) : 4
(0, 0, -7, -5) : 2
(19, 3, -4, -4) : 3
(0, 0, -9, -7) : 3
(0, 0, -10, -7) : 5
(0, 0, -10, -5) : 3
(0, 0, -9, -10) : 2
(27, 3, -1, -7) : 1
(0, 0, -8, -12) : 1
(0, 0, -10, -14) : 1
(0, 0, -9, -2) : 1
(0, 0, -8, -6) : 1
(0, 0, -6, -7) : 1
(24, 3, -4, -3) : 1
(0, 0, -7, -8) : 1
(0, 0, -5, -7) : 1
(0, 0, -7, -9) : 1
(0, 0, -10, -11) : 1
(0, 0, -12, -7) : 3
(24, 3, -3, -5) : 1
(26, 3, -2, -2) : 4
(32, 3, -2, 0) : 6
(35, 3, -1, 0) : 10
(36, 3, 0, -1) : 1
(33, 3, -1, 0) : 7
(37, 3, -1, 0) : 18
(26, 3, -2, -8) : 2
(25, 3, -3, -2) : 3
(28, 3, -2, -3) : 1
(34, 3, -1, -1) : 6
(35, 3, -1, -1) : 13
(31, 3, -2, -1) : 6
(0, 0, -5, -5) : 1
(35, 3, -1, -3) : 2
(38, 3, 0, -2) : 14
(33, 3, 0, -5) : 2
(37, 3, 0, -3) : 2
(33, 3, -2, 0) : 14
(41, 3, 0, 0) : 13
(0, 0, -3, -2) : 1
(33, 3, -1, -1) : 3
(32, 3, -1, -1) : 10
(29, 3, -3, -2) : 5
(26, 3, -2, -3) : 1
(39, 3, 0, -2) : 1
(32, 3, -2, -1) : 5
(28, 3, -2, -2) : 4
(31, 3, -2, -2) : 5
(8, 3, -8, -4) : 1
(35, 3, 0, -4) : 2
(30, 3, -3, -1) : 4
(25, 3, -4, -4) : 2
(34, 3, -2, 0) : 4
(32, 3, -1, 0) : 4
(22, 3, -5, 0) : 2
(17, 3, -6, -1) : 2
(0, 0, -12, -6) : 1
(0, 0, 0, 0) : 1
(22, 3, -5, -1) : 2
(34, 3, -1, 0) : 8
(42, 3, 0, 0) : 4
(38, 3, -1, 0) : 7
(0, 0, -12, -11) : 1
(8, 3, -8, -3) : 1
(16, 3, -5, -3) : 2
(30, 3, -1, -4) : 2
(23, 3, -3, -4) : 2
(25, 3, -2, -3) : 2
(22, 3, -3, -3) : 2
(17, 3, -5, -4) : 2
(8, 3, -8, -2) : 1
(24, 3, -2, -4) : 2
(28, 3, -2, -1) : 3
(28, 3, -1, -5) : 2
(0, 0, -8, -3) : 1
(22, 3, -4, -3) : 1
(29, 3, -2, -1) : 1
(37, 3, 0, 0) : 1
(35, 3, -1, -2) : 5
(37, 3, 0, -1) : 2
(27, 3, -2, -3) : 2
(28, 3, -3, 0) : 2
(30, 3, -2, 0) : 2
(25, 3, -2, -1) : 1
(0, 0, -5, -2) : 1
(24, 3, -4, -1) : 2
(29, 3, -2, 0) : 2
(14, 3, -6, -7) : 1
(29, 3, -3, -1) : 3
(22, 3, -4, -2) : 1
(0, 0, -12, -8) : 1
(14, 3, -6, -5) : 1
(33, 3, -2, -2) : 2
(33, 3, -2, -1) : 2
(25, 3, -3, -3) : 1
(26, 3, -2, -1) : 1
(0, 0, -12, -10) : 1
(32, 3, -2, -2) : 1
(28, 3, -3, -3) : 1
(34, 3, 0, -4) : 15
(0, 0, -3, -4) : 1
(26, 3, -1, -6) : 3
(0, 0, -4, -5) : 2
(23, 3, -2, -6) : 2
(0, 0, -11, -10) : 2
(30, 3, -1, -4) : 6
(28, 3, -2, -4) : 4
(32, 3, 0, -4) : 6
(27, 3, -1, -5) : 4
(0, 0, -11, -9) : 1
(30, 3, 0, -7) : 4
(24, 3, -4, -4) : 4
(22, 3, -5, -4) : 4
(32, 3, 0, -5) : 8
(0, 0, -10, -5) : 3
(31, 3, 0, -6) : 2
(26, 3, -3, -4) : 4
(27, 3, -1, -7) : 4
(26, 3, -1, -2) : 3
(34, 3, 0, 0) : 1
(29, 3, -1, -2) : 7
(19, 3, -4, -2) : 3
(36, 3, 0, 0) : 12
(30, 3, -2, 0) : 6
(35, 3, 0, -1) : 8
(34, 3, 0, -2) : 6
(32, 3, -1, 0) : 12
(31, 3, -1, 0) : 4
(37, 3, 0, 0) : 4
(28, 3, -3, 0) : 5
(32, 3, 0, -3) : 4
(34, 3, 0, -1) : 7
(0, 0, -10, -10) : 1
(0, 0, -11, -8) : 5
(0, 0, -3, -5) : 2
(0, 0, -10, -7) : 2
(0, 0, -2, -3) : 3
(0, 0, -1, -1) : 1
(0, 0, 0, -6) : 2
(0, 0, -9, -3) : 3
(0, 0, -9, -7) : 3
(32, 3, -2, 0) : 9
(0, 0, -9, -5) : 2
(37, 3, 0, -1) : 7
(34, 3, -1, 0) : 12
(0, 0, -10, -3) : 4
(0, 0, -8, -1) : 1
(0, 0, -10, -2) : 2
(0, 0, -8, -11) : 1
(0, 0, -9, -13) : 1
(0, 0, -4, -7) : 1
(0, 0, -9, -11) : 1
(0, 0, -8, 0) : 2
(0, 0, -7, -4) : 1
(0, 0, -10, -8) : 1
(31, 3, -1, -1) : 3
(30, 3, -1, -2) : 4
(31, 3, -2, -3) : 2
(40, 3, 0, 0) : 41
(39, 3, 0, -1) : 23
(36, 3, -1, 0) : 9
(38, 3, 0, 0) : 9
(38, 3, 0, -1) : 40
(26, 3, -3, -2) : 5
(0, 0, -12, -8) : 3
(24, 3, -3, -5) : 1
(37, 3, 0, -2) : 22
(35, 3, 0, -2) : 6
(39, 3, 0, 0) : 30
(24, 3, -3, -6) : 1
(0, 0, -1, -2) : 1
(23, 3, -2, -5) : 1
(0, 0, -10, -9) : 1
(32, 3, -1, -2) : 6
(34, 3, 0, -3) : 2
(36, 3, 0, -2) : 16
(34, 3, -1, -2) : 8
(31, 3, -1, -3) : 4
(0, 0, -11, -7) : 2
(28, 3, -1, -4) : 4
(0, 0, -6, -6) : 1
(29, 3, -1, -3) : 5
(0, 0, -9, -9) : 2
(0, 0, -10, -6) : 1
(33, 3, 0, -4) : 4
(0, 0, -10, -4) : 2
(30, 3, -2, -2) : 2
(31, 3, -1, -2) : 19
(0, 0, -11, -6) : 3
(0, 0, -11, -12) : 1
(0, 0, -9, -10) : 3
(19, 3, -4, -5) : 2
(30, 3, -3, 0) : 4
(27, 3, -3, -3) : 2
(24, 3, -4, -3) : 1
(20, 3, -5, -4) : 1
(24, 3, -4, -2) : 1
(0, 0, -9, -8) : 1
(31, 3, -3, 0) : 1
(28, 3, -3, -2) : 3
(20, 3, -5, -3) : 1
(0, 0, -11, -5) : 1
(0, 0, -8, -8) : 1
(0, 0, -7, -5) : 2
(0, 0, -8, -10) : 1
(0, 0, -9, -6) : 1
(0, 0, -10, -12) : 2
(0, 0, -5, -6) : 1
(0, 0, -5, -10) : 1
(29, 3, -1, -4) : 1
(35, 3, 0, -3) : 6
(36, 3, 0, -3) : 5
(0, 0, -5, -4) : 1
(33, 3, -1, -1) : 2
(26, 3, -2, -3) : 2
(28, 3, -2, -2) : 4
(26, 3, -2, -2) : 4
(25, 3, -3, -2) : 4
(23, 3, -3, -4) : 2
(22, 3, -3, -3) : 2
(25, 3, -2, -3) : 2
(8, 3, -8, -4) : 2
(16, 3, -5, -3) : 2
(32, 3, -1, -1) : 10
(0, 0, -10, -1) : 1
(28, 3, -1, -5) : 2
(28, 3, -2, -1) : 3
(24, 3, -2, -4) : 1
(8, 3, -8, -3) : 1
(17, 3, -5, -4) : 2
(25, 3, -2, -1) : 1
(33, 3, -1, 0) : 8
(29, 3, -2, 0) : 2
(24, 3, -4, -1) : 2
(17, 3, -6, -1) : 2
(27, 3, -2, -3) : 2
(0, 0, -11, -4) : 1
(34, 3, -2, 0) : 4
(26, 3, -2, -7) : 2
(37, 3, -1, 0) : 18
(0, 0, -12, -5) : 1
(22, 3, -5, 0) : 2
(33, 3, -2, 0) : 14
(29, 3, -3, -2) : 5
(35, 3, -1, -1) : 13
(41, 3, 0, 0) : 13
(31, 3, -2, -2) : 5
(31, 3, -2, -1) : 6
(0, 0, -5, -2) : 1
(22, 3, -5, -1) : 2
(38, 3, -1, 0) : 7
(42, 3, 0, 0) : 4
(38, 3, 0, -2) : 12
(30, 3, -3, -1) : 4
(0, 0, -12, -10) : 1
(32, 3, -2, -1) : 6
(39, 3, 0, -2) : 1
(37, 3, 0, -3) : 2
(35, 3, 0, -4) : 2
(25, 3, -4, -4) : 2
(35, 3, -1, 0) : 10
(36, 3, 0, -1) : 1
(34, 3, -1, -1) : 6
(28, 3, -2, -3) : 1
(33, 3, 0, -5) : 2
(35, 3, -1, -2) : 5
(33, 3, -2, -1) : 2
(33, 3, -2, -2) : 2
(14, 3, -6, -5) : 1
(28, 3, -3, -1) : 1
(0, 0, -12, -6) : 1
(22, 3, -4, -2) : 2
(29, 3, -3, -1) : 3
(14, 3, -6, -6) : 1
(35, 3, -1, -3) : 2
(29, 3, -2, -1) : 1
(0, 0, -12, -12) : 1
(0, 0, -7, -3) : 1
(28, 3, -3, -4) : 1
(24, 3, -2, -5) : 1
(32, 3, -2, -3) : 1
(0, 0, -12, -7) : 1
(0, 0, -6, -3) : 1
(26, 3, -1, -2) : 2
(34, 3, 0, 0) : 1
(0, 0, -10, -7) : 4
(34, 3, 0, -1) : 7
(0, 0, -11, -7) : 3
(31, 3, -1, 0) : 4
(32, 3, -1, 0) : 12
(36, 3, 0, 0) : 12
(32, 3, 0, -3) : 4
(37, 3, 0, 0) : 5
(28, 3, -3, 0) : 6
(35, 3, 0, -1) : 8
(30, 3, -2, 0) : 6
(34, 3, 0, -2) : 6
(26, 3, -1, -6) : 1
(34, 3, 0, -4) : 11
(0, 0, -4, -5) : 2
(23, 3, -2, -6) : 1
(0, 0, -11, -9) : 3
(0, 0, -10, -8) : 4
(32, 3, 0, -5) : 4
(22, 3, -5, -4) : 2
(26, 3, -3, -4) : 2
(30, 3, 0, -7) : 2
(30, 3, -1, -4) : 4
(28, 3, -2, -4) : 2
(32, 3, 0, -4) : 4
(27, 3, -1, -5) : 2
(27, 3, -1, -7) : 3
(24, 3, -4, -4) : 2
(0, 0, -10, -9) : 1
(31, 3, 0, -6) : 1
(26, 3, -1, -3) : 1
(0, 0, -2, -2) : 2
(0, 0, -2, -4) : 2
(0, 0, -2, -3) : 2
(0, 0, -1, 0) : 1
(32, 3, -2, 0) : 9
(0, 0, -9, -8) : 3
(0, 0, -8, -2) : 3
(0, 0, 0, -2) : 1
(0, 0, -9, -6) : 1
(0, 0, -10, -10) : 3
(0, 0, -7, -2) : 1
(0, 0, -9, -3) : 3
(0, 0, 0, -5) : 1
(37, 3, 0, -1) : 8
(34, 3, -1, 0) : 12
(0, 0, -10, 0) : 1
(0, 0, -10, -1) : 1
(0, 0, -9, 0) : 1
(0, 0, -9, -1) : 3
(0, 0, -9, -9) : 4
(19, 3, -4, -2) : 3
(29, 3, -1, -2) : 7
(0, 0, -11, -8) : 2
(0, 0, -11, -5) : 2
(27, 3, -3, -3) : 2
(28, 3, -3, -2) : 2
(26, 3, -3, -2) : 5
(19, 3, -4, -5) : 1
(19, 3, -4, -4) : 1
(0, 0, -10, -5) : 2
(30, 3, -3, 0) : 4
(20, 3, -5, -5) : 1
(0, 0, -8, -5) : 1
(24, 3, -4, -3) : 2
(0, 0, -8, -6) : 1
(20, 3, -5, -4) : 1
(31, 3, -3, 0) : 1
(0, 0, -9, -7) : 1
(36, 3, 0, -2) : 15
(34, 3, 0, -3) : 2
(0, 0, -11, -10) : 2
(33, 3, 0, -4) : 4
(31, 3, -1, -3) : 4
(32, 3, -1, -2) : 6
(35, 3, 0, -2) : 6
(37, 3, 0, -2) : 21
(0, 0, -8, -9) : 1
(28, 3, -1, -4) : 4
(31, 3, -1, -2) : 19
(0, 0, -6, -5) : 1
(29, 3, -1, -3) : 5
(30, 3, -2, -2) : 2
(34, 3, -1, -2) : 8
(38, 3, 0, -1) : 39
(31, 3, -2, -3) : 2
(39, 3, 0, 0) : 31
(31, 3, -1, -1) : 3
(30, 3, -1, -2) : 4
(24, 3, -3, -6) : 2
(40, 3, 0, 0) : 41
(38, 3, 0, 0) : 9
(0, 0, -12, -8) : 5
(39, 3, 0, -1) : 22
(36, 3, -1, 0) : 9
(23, 3, -2, -4) : 1
(36, 3, 0, -3) : 6
(0, 0, -8, -3) : 3
(0, 0, -5, -3) : 1
(0, 0, -8, -4) : 1
(35, 3, 0, -3) : 6
(29, 3, -1, -4) : 1
(0, 0, -11, -11) : 1
(0, 0, -10, -12) : 1
(0, 0, -6, -8) : 1
(0, 0, -5, -11) : 1
(0, 0, -9, -2) : 1
(0, 0, -6, -7) : 1
(34, 3, -1, -1) : 6
(35, 3, -1, -2) : 7
(25, 3, -3, -2) : 4
(26, 3, -2, -7) : 2
(31, 3, -2, -1) : 6
(33, 3, 0, -5) : 2
(38, 3, 0, -2) : 13
(35, 3, -1, -1) : 11
(0, 0, -10, -4) : 1
(28, 3, -2, -3) : 2
(0, 0, -9, -5) : 1
(33, 3, -1, 0) : 7
(33, 3, -2, 0) : 14
(41, 3, 0, 0) : 13
(37, 3, 0, -3) : 2
(37, 3, -1, 0) : 18
(32, 3, -1, -1) : 10
(33, 3, -1, -1) : 3
(28, 3, -2, -1) : 3
(24, 3, -4, -1) : 2
(32, 3, -2, -1) : 6
(0, 0, -12, -12) : 1
(30, 3, -3, -1) : 4
(34, 3, -2, 0) : 4
(38, 3, -1, 0) : 7
(17, 3, -5, -4) : 2
(29, 3, -3, -1) : 2
(33, 3, -2, -1) : 2
(33, 3, -2, -2) : 2
(31, 3, -2, -2) : 5
(35, 3, -1, 0) : 10
(26, 3, -2, -2) : 5
(42, 3, 0, 0) : 4
(25, 3, -4, -4) : 2
(16, 3, -5, -3) : 2
(22, 3, -4, -2) : 1
(35, 3, -1, -3) : 2
(29, 3, -2, -1) : 1
(22, 3, -5, -1) : 3
(0, 0, -4, -6) : 1
(22, 3, -5, 0) : 1
(24, 3, -2, -4) : 1
(28, 3, -2, -2) : 3
(8, 3, -8, -1) : 1
(23, 3, -3, -4) : 2
(28, 3, -1, -5) : 2
(22, 3, -3, -3) : 2
(25, 3, -2, -3) : 2
(8, 3, -8, -2) : 1
(29, 3, -2, 0) : 2
(27, 3, -2, -3) : 2
(25, 3, -2, -1) : 1
(17, 3, -6, -1) : 2
(28, 3, -3, -3) : 2
(32, 3, -2, -2) : 1
(35, 3, 0, -4) : 2
(24, 3, -2, -5) : 1
(29, 3, -3, -3) : 1
(29, 3, -3, -2) : 5
(8, 3, -8, -4) : 1
(39, 3, 0, -2) : 1
(26, 3, -2, -3) : 1
(14, 3, -6, -6) : 2
(0, 0, -12, -5) : 1
(0, 0, -12, -3) : 1
(22, 3, -4, -3) : 1
(26, 3, -1, -3) : 2
(0, 0, -2, -3) : 2
(0, 0, -10, -3) : 5
(0, 0, -2, -4) : 1
(0, 0, -4, 0) : 1
(0, 0, -10, -2) : 4
(0, 0, 0, -5) : 2
(34, 3, -1, 0) : 12
(0, 0, -8, 0) : 1
(37, 3, 0, -1) : 7
(32, 3, -2, 0) : 10
(0, 0, -9, -8) : 3
(0, 0, -9, -10) : 1
(0, 0, -10, 0) : 1
(0, 0, -9, -13) : 1
(0, 0, -8, -7) : 2
(0, 0, -8, -11) : 1
(0, 0, -4, -8) : 1
(0, 0, -11, -4) : 3
(0, 0, -7, 0) : 1
(0, 0, -8, -1) : 1
(0, 0, -3, -4) : 1
(23, 3, -2, -6) : 2
(0, 0, -10, -8) : 2
(0, 0, -4, -5) : 2
(27, 3, -1, -5) : 4
(34, 3, 0, -4) : 13
(24, 3, -4, -4) : 4
(32, 3, 0, -4) : 6
(31, 3, 0, -6) : 2
(32, 3, 0, -5) : 8
(28, 3, -2, -4) : 4
(30, 3, -1, -4) : 6
(30, 3, 0, -7) : 4
(22, 3, -5, -4) : 4
(0, 0, -10, -5) : 3
(0, 0, -10, -9) : 3
(26, 3, -3, -4) : 4
(27, 3, -1, -7) : 4
(0, 0, -10, -10) : 2
(0, 0, -4, -6) : 1
(23, 3, -2, -5) : 1
(29, 3, -1, -3) : 6
(0, 0, -2, -2) : 1
(35, 3, 0, -2) : 6
(32, 3, -1, -2) : 6
(0, 0, -9, -7) : 1
(28, 3, -1, -4) : 4
(31, 3, -1, -3) : 4
(0, 0, -11, -8) : 2
(33, 3, 0, -4) : 4
(36, 3, 0, -2) : 16
(0, 0, -11, -5) : 2
(34, 3, 0, -3) : 2
(34, 3, -1, -2) : 8
(0, 0, -10, -7) : 2
(0, 0, -11, -7) : 4
(30, 3, -2, -2) : 2
(31, 3, -1, -2) : 19
(37, 3, 0, -2) : 22
(0, 0, -9, -6) : 1
(0, 0, -11, -9) : 2
(0, 0, -11, -6) : 3
(0, 0, -11, -12) : 1
(0, 0, -8, -5) : 1
(0, 0, -11, -11) : 1
(0, 0, -10, -12) : 1
(0, 0, -10, -11) : 1
(0, 0, -5, -5) : 1
(34, 3, 0, -2) : 3
(19, 3, -4, -3) : 1
(29, 3, -1, -2) : 4
(30, 3, -1, -2) : 4
(35, 3, 0, -3) : 6
(36, 3, 0, -3) : 5
(29, 3, -1, -4) : 1
(0, 0, -10, -4) : 2
(0, 0, -3, -7) : 1
(38, 3, 0, 0) : 9
(31, 3, -1, -1) : 3
(40, 3, 0, 0) : 42
(26, 3, -3, -2) : 4
(24, 3, -3, -5) : 1
(38, 3, 0, -1) : 39
(31, 3, -2, -3) : 2
(36, 3, -1, 0) : 9
(39, 3, 0, -1) : 22
(0, 0, -12, -8) : 2
(39, 3, 0, 0) : 31
(24, 3, -3, -6) : 1
(0, 0, -7, -6) : 1
(19, 3, -4, -4) : 2
(24, 3, -4, -2) : 1
(20, 3, -5, -4) : 1
(28, 3, -3, -2) : 2
(0, 0, -11, -10) : 1
(31, 3, -3, 0) : 1
(30, 3, -3, 0) : 4
(24, 3, -4, -3) : 1
(27, 3, -3, -3) : 2
(20, 3, -5, -3) : 1
(0, 0, -8, -4) : 1
(26, 3, -2, -2) : 4
(35, 3, -1, 0) : 10
(37, 3, -1, 0) : 18
(36, 3, 0, -1) : 1
(33, 3, -1, 0) : 7
(30, 3, -2, 0) : 2
(32, 3, -1, 0) : 4
(32, 3, -1, -1) : 10
(28, 3, -3, 0) : 2
(25, 3, -2, -1) : 1
(29, 3, -2, 0) : 2
(17, 3, -6, -1) : 2
(27, 3, -2, -3) : 2
(24, 3, -4, -1) : 2
(0, 0, -9, -3) : 1
(25, 3, -2, -3) : 2
(23, 3, -3, -4) : 2
(8, 3, -8, -3) : 2
(33, 3, -1, -1) : 3
(16, 3, -5, -3) : 2
(28, 3, -2, -2) : 5
(26, 3, -2, -3) : 2
(22, 3, -3, -3) : 2
(25, 3, -3, -2) : 4
(28, 3, -1, -5) : 2
(26, 3, -3, -1) : 1
(28, 3, -2, -1) : 3
(24, 3, -2, -4) : 1
(8, 3, -8, -2) : 1
(17, 3, -5, -4) : 2
(32, 3, -2, -1) : 5
(42, 3, 0, 0) : 4
(0, 0, -12, -6) : 1
(35, 3, -1, -1) : 13
(38, 3, -1, 0) : 7
(41, 3, 0, 0) : 13
(35, 3, -1, -2) : 6
(33, 3, -2, 0) : 14
(14, 3, -6, -6) : 2
(34, 3, -1, -1) : 6
(0, 0, -12, -7) : 3
(22, 3, -4, -2) : 2
(29, 3, -3, -2) : 5
(31, 3, -2, -1) : 6
(22, 3, -5, 0) : 2
(37, 3, 0, 0) : 1
(22, 3, -5, -1) : 2
(30, 3, -3, -1) : 4
(25, 3, -4, -4) : 2
(37, 3, 0, -3) : 2
(39, 3, 0, -2) : 1
(38, 3, 0, -2) : 13
(31, 3, -2, -2) : 5
(35, 3, 0, -4) : 2
(29, 3, -3, -1) : 3
(0, 0, -12, -12) : 1
(29, 3, -2, -1) : 1
(34, 3, -2, 0) : 4
(26, 3, -2, -8) : 2
(28, 3, -3, -1) : 1
(0, 0, -8, -6) : 1
(33, 3, -2, -1) : 2
(33, 3, -2, -2) : 2
(0, 0, -9, -5) : 1
(33, 3, 0, -5) : 2
(35, 3, -1, -3) : 1
(0, 0, -7, -7) : 1
(28, 3, -3, -3) : 1
(0, 0, -12, -9) : 1
(24, 3, -2, -5) : 1
(32, 3, -2, -3) : 1
(0, 0, -4, -2) : 1
(34, 3, 0, 0) : 1
(29, 3, -1, -2) : 7
(19, 3, -4, -2) : 3
(35, 3, 0, -1) : 8
(30, 3, -2, 0) : 6
(36, 3, 0, 0) : 12
(28, 3, -3, 0) : 6
(37, 3, 0, 0) : 5
(32, 3, 0, -3) : 4
(32, 3, -1, 0) : 12
(34, 3, 0, -1) : 7
(34, 3, 0, -2) : 6
(31, 3, -1, 0) : 4
(0, 0, -11, -9) : 2
(0, 0, -4, -5) : 1
(0, 0, -2, -4) : 1
(30, 3, -1, -2) : 4
(38, 3, 0, 0) : 9
(38, 3, 0, -1) : 39
(26, 3, -3, -2) : 4
(40, 3, 0, 0) : 42
(24, 3, -3, -6) : 2
(37, 3, 0, -2) : 23
(31, 3, -2, -3) : 2
(35, 3, 0, -2) : 6
(39, 3, 0, 0) : 31
(31, 3, -1, -1) : 3
(0, 0, -12, -9) : 2
(39, 3, 0, -1) : 22
(36, 3, -1, 0) : 9
(0, 0, -10, -10) : 3
(0, 0, -9, -11) : 1
(19, 3, -4, -4) : 1
(0, 0, -11, -6) : 3
(27, 3, -3, -3) : 2
(20, 3, -5, -5) : 1
(24, 3, -4, -3) : 2
(28, 3, -3, -2) : 4
(30, 3, -3, 0) : 4
(0, 0, -7, -7) : 1
(0, 0, -7, -2) : 1
(0, 0, -9, -2) : 1
(19, 3, -4, -5) : 1
(0, 0, -9, -9) : 2
(31, 3, -3, 0) : 1
(0, 0, -9, -5) : 1
(20, 3, -5, -4) : 1
(0, 0, -11, -2) : 1
(23, 3, -2, -3) : 1
(36, 3, 0, -2) : 17
(33, 3, 0, -4) : 4
(0, 0, -9, -4) : 2
(35, 3, 0, -3) : 6
(36, 3, 0, -3) : 4
(31, 3, -1, -2) : 19
(29, 3, -1, -4) : 1
(0, 0, -7, -4) : 2
(31, 3, -1, -3) : 4
(29, 3, -1, -3) : 5
(0, 0, -5, -3) : 1
(32, 3, -1, -2) : 6
(0, 0, -11, -11) : 3
(28, 3, -1, -4) : 4
(0, 0, -10, -8) : 1
(32, 3, 0, -4) : 2
(0, 0, -10, -6) : 4
(0, 0, -11, -8) : 3
(0, 0, -8, -9) : 1
(27, 3, -1, -7) : 2
(0, 0, -11, -15) : 1
(34, 3, 0, -3) : 2
(34, 3, 0, -4) : 7
(0, 0, -10, -11) : 1
(34, 3, -1, -2) : 8
(30, 3, -2, -2) : 2
(0, 0, -9, -6) : 1
(0, 0, -11, -7) : 1
(0, 0, -11, -12) : 2
(0, 0, -7, -9) : 1
(0, 0, -8, -6) : 1
(0, 0, -10, -7) : 1
(34, 3, -1, 0) : 8
(33, 3, -1, 0) : 7
(24, 3, -4, -1) : 2
(17, 3, -6, -1) : 2
(27, 3, -2, -3) : 2
(32, 3, -1, -1) : 10
(26, 3, -2, -2) : 5
(32, 3, -2, 0) : 5
(29, 3, -2, 0) : 2
(0, 0, -11, -5) : 1
(25, 3, -2, 0) : 1
(37, 3, -1, 0) : 18
(35, 3, -1, 0) : 10
(36, 3, 0, -1) : 2
(34, 3, -1, -1) : 6
(35, 3, -1, -1) : 14
(28, 3, -2, -3) : 2
(35, 3, -1, -2) : 4
(25, 3, -3, -1) : 1
(26, 3, -2, -7) : 2
(31, 3, -2, -1) : 6
(33, 3, 0, -5) : 2
(0, 0, -8, -2) : 1
(38, 3, 0, -2) : 13
(32, 3, -2, -1) : 6
(0, 0, -12, -5) : 2
(22, 3, -4, -3) : 2
(23, 3, -3, -4) : 2
(14, 3, -6, -6) : 1
(29, 3, -3, -1) : 3
(33, 3, -2, 0) : 14
(38, 3, -1, 0) : 7
(22, 3, -3, -3) : 2
(41, 3, 0, 0) : 13
(25, 3, -2, -3) : 2
(0, 0, -12, -6) : 1
(42, 3, 0, 0) : 4
(31, 3, -2, -2) : 5
(8, 3, -8, -4) : 1
(35, 3, 0, -4) : 2
(25, 3, -4, -4) : 2
(30, 3, -3, -1) : 4
(37, 3, 0, -3) : 2
(39, 3, 0, -2) : 1
(29, 3, -3, -2) : 5
(22, 3, -5, -1) : 3
(37, 3, 0, -1) : 2
(28, 3, -2, -1) : 4
(0, 0, -7, -1) : 1
(33, 3, -1, -1) : 3
(33, 3, -2, -2) : 2
(28, 3, -1, -5) : 2
(33, 3, -2, -1) : 2
(0, 0, -12, -13) : 1
(34, 3, -2, 0) : 4
(17, 3, -5, -4) : 2
(22, 3, -5, 0) : 1
(0, 0, -12, -7) : 1
(0, 0, 0, 0) : 1
(25, 3, -3, -2) : 3
(35, 3, -1, -3) : 2
(29, 3, -2, -1) : 1
(16, 3, -5, -3) : 2
(14, 3, -6, -7) : 1
(30, 3, -1, -4) : 2
(0, 0, -9, -7) : 2
(26, 3, -2, -1) : 1
(24, 3, -2, -4) : 1
(28, 3, -2, -2) : 2
(26, 3, -3, -1) : 1
(8, 3, -8, -2) : 1
(32, 3, -2, -2) : 1
(24, 3, -2, -5) : 1
(0, 0, -4, -8) : 1
(0, 0, -12, -11) : 1
(0, 0, -8, -3) : 1
(8, 3, -8, -3) : 1
(23, 3, -2, -6) : 1
(0, 0, -10, -7) : 3
(0, 0, -4, -5) : 2
(32, 3, 0, -5) : 4
(28, 3, -2, -4) : 2
(30, 3, -1, -4) : 4
(32, 3, 0, -4) : 4
(0, 0, -8, -8) : 1
(27, 3, -1, -5) : 2
(26, 3, -3, -4) : 2
(34, 3, 0, -4) : 10
(22, 3, -5, -4) : 2
(30, 3, 0, -7) : 2
(27, 3, -1, -7) : 3
(24, 3, -4, -4) : 2
(0, 0, -11, -7) : 1
(31, 3, 0, -6) : 1
(0, 0, -11, -8) : 2
(0, 0, -9, -9) : 2
(0, 0, -2, -3) : 1
(0, 0, -11, -5) : 2
(36, 3, 0, -2) : 16
(31, 3, -1, -3) : 4
(35, 3, 0, -2) : 6
(0, 0, -10, -8) : 4
(32, 3, -1, -2) : 6
(34, 3, 0, -3) : 2
(37, 3, 0, -2) : 21
(0, 0, -11, -11) : 1
(33, 3, 0, -4) : 4
(0, 0, -8, -11) : 1
(0, 0, -11, -10) : 3
(0, 0, -6, -5) : 1
(0, 0, -8, -6) : 1
(31, 3, -1, -2) : 18
(0, 0, -7, -6) : 1
(28, 3, -1, -4) : 4
(29, 3, -1, -3) : 6
(30, 3, -2, -2) : 2
(34, 3, -1, -2) : 8
(0, 0, -10, -10) : 3
(19, 3, -4, -3) : 1
(23, 3, -2, -4) : 1
(34, 3, 0, -2) : 3
(36, 3, 0, -3) : 5
(30, 3, -1, -2) : 4
(0, 0, -4, -2) : 1
(0, 0, -9, -4) : 3
(29, 3, -1, -2) : 4
(35, 3, 0, -3) : 6
(29, 3, -1, -4) : 1
(0, 0, -10, -6) : 1
(0, 0, -8, -5) : 1
(28, 3, -3, -2) : 2
(30, 3, -3, 0) : 4
(27, 3, -3, -3) : 2
(20, 3, -5, -5) : 1
(19, 3, -4, -4) : 2
(0, 0, -8, -2) : 1
(26, 3, -3, -2) : 4
(0, 0, -8, -1) : 1
(24, 3, -4, -3) : 2
(0, 0, -8, -7) : 3
(31, 3, -3, 0) : 1
(20, 3, -5, -4) : 1
(0, 0, -6, -12) : 1
(0, 0, -11, -13) : 1
(0, 0, -10, -11) : 1
(0, 0, -9, -7) : 1
(0, 0, -9, -3) : 1
(0, 0, -5, -8) : 1
(31, 3, -1, -1) : 4
(40, 3, 0, 0) : 41
(31, 3, -2, -3) : 2
(36, 3, -1, 0) : 9
(39, 3, 0, -1) : 22
(38, 3, 0, -1) : 39
(38, 3, 0, 0) : 9
(39, 3, 0, 0) : 31
(24, 3, -3, -6) : 2
(0, 0, -12, -8) : 2
(0, 0, -10, -3) : 2
(33, 3, -1, -1) : 2
(28, 3, -2, -2) : 4
(26, 3, -2, -2) : 4
(25, 3, -3, -2) : 4
(28, 3, -2, -1) : 2
(24, 3, -2, -4) : 1
(8, 3, -8, -1) : 2
(17, 3, -5, -4) : 2
(22, 3, -3, -3) : 2
(25, 3, -2, -3) : 2
(32, 3, -1, -1) : 10
(23, 3, -3, -4) : 2
(28, 3, -1, -5) : 2
(16, 3, -5, -3) : 2
(41, 3, 0, 0) : 13
(33, 3, -2, 0) : 14
(37, 3, -1, 0) : 18
(37, 3, 0, -3) : 2
(35, 3, -1, -1) : 11
(33, 3, -1, 0) : 8
(38, 3, 0, -2) : 13
(29, 3, -3, -2) : 5
(42, 3, 0, 0) : 4
(38, 3, -1, 0) : 7
(0, 0, -12, -13) : 1
(26, 3, -3, -1) : 1
(32, 3, -2, 0) : 6
(34, 3, -1, 0) : 8
(30, 3, -3, -1) : 4
(34, 3, -2, 0) : 4
(26, 3, -2, -8) : 2
(28, 3, -3, -1) : 1
(22, 3, -5, -1) : 2
(0, 0, -1, 0) : 1
(31, 3, -2, -1) : 6
(0, 0, -12, -7) : 3
(0, 0, -12, -6) : 1
(17, 3, -6, -1) : 2
(22, 3, -5, 0) : 2
(31, 3, -2, -2) : 5
(32, 3, -1, 0) : 4
(25, 3, -4, -4) : 2
(35, 3, 0, -4) : 2
(8, 3, -8, -4) : 1
(28, 3, -2, -3) : 2
(32, 3, -2, -1) : 5
(39, 3, 0, -2) : 1
(33, 3, 0, -5) : 2
(34, 3, -1, -1) : 6
(35, 3, -1, -3) : 2
(0, 0, -11, -6) : 1
(0, 0, -10, -4) : 1
(36, 3, 0, -1) : 1
(35, 3, -1, 0) : 10
(29, 3, -2, 0) : 2
(37, 3, 0, -1) : 4
(35, 3, -1, -2) : 7
(22, 3, -4, -2) : 1
(29, 3, -2, -1) : 1
(0, 0, -12, -11) : 1
(24, 3, -4, -1) : 2
(33, 3, -2, -1) : 2
(29, 3, -3, -1) : 2
(33, 3, -2, -2) : 2
(24, 3, -2, -5) : 1
(32, 3, -2, -2) : 1
(29, 3, -3, -3) : 1
(28, 3, -3, -3) : 1
(26, 3, -2, -3) : 2
(0, 0, -4, -6) : 1
(37, 3, 0, 0) : 1
(0, 0, -8, -3) : 2
(27, 3, -2, -3) : 2
(28, 3, -3, 0) : 2
(30, 3, -2, 0) : 2
(25, 3, -2, -1) : 1
(14, 3, -6, -6) : 1
(22, 3, -4, -3) : 1
(14, 3, -6, -7) : 1
(23, 3, -2, -3) : 1
(34, 3, 0, -2) : 3
(0, 0, -10, -10) : 1
(19, 3, -4, -3) : 1
(36, 3, 0, -3) : 4
(33, 3, 0, -4) : 4
(36, 3, 0, -2) : 17
(30, 3, -1, -2) : 4
(31, 3, -1, -2) : 18
(29, 3, -1, -2) : 4
(35, 3, 0, -3) : 6
(0, 0, -11, -3) : 1
(0, 0, -11, -6) : 2
(0, 0, -8, -5) : 1
(29, 3, -1, -4) : 1
(37, 3, 0, -2) : 23
(0, 0, -5, -3) : 1
(31, 3, -1, -3) : 4
(29, 3, -1, -3) : 6
(0, 0, -7, -4) : 1
(0, 0, -9, -7) : 1
(35, 3, 0, -2) : 6
(0, 0, -11, -9) : 3
(32, 3, -1, -2) : 6
(0, 0, -8, -7) : 2
(28, 3, -1, -4) : 4
(0, 0, -11, -7) : 4
(0, 0, -10, -5) : 1
(32, 3, 0, -4) : 2
(0, 0, -9, -11) : 1
(27, 3, -1, -7) : 2
(0, 0, -9, -8) : 1
(34, 3, 0, -3) : 2
(34, 3, 0, -4) : 7
(34, 3, -1, -2) : 8
(30, 3, -2, -2) : 2
(0, 0, -10, -8) : 1
(0, 0, -2, -4) : 1
(0, 0, -4, -5) : 1
(38, 3, 0, -1) : 38
(38, 3, 0, 0) : 9
(39, 3, 0, 0) : 32
(31, 3, -2, -3) : 2
(31, 3, -1, -1) : 4
(40, 3, 0, 0) : 43
(26, 3, -3, -2) : 4
(24, 3, -3, -6) : 2
(0, 0, -12, -9) : 2
(36, 3, -1, 0) : 9
(39, 3, 0, -1) : 21
(0, 0, -9, -12) : 1
(0, 0, -10, -4) : 1
(0, 0, -11, -11) : 2
(0, 0, -11, -10) : 1
(0, 0, -9, -3) : 1
(0, 0, -11, -8) : 3
(0, 0, -10, -16) : 1
(0, 0, -10, -13) : 1
(0, 0, -7, -3) : 1
(0, 0, -9, -9) : 2
(28, 3, -3, -2) : 4
(27, 3, -3, -3) : 2
(19, 3, -4, -4) : 2
(0, 0, -9, -4) : 1
(0, 0, -9, -2) : 1
(24, 3, -4, -3) : 2
(20, 3, -5, -5) : 1
(30, 3, -3, 0) : 4
(0, 0, -7, -10) : 1
(31, 3, -3, 0) : 1
(20, 3, -5, -4) : 1
(0, 0, -10, -6) : 1
(33, 3, -1, 0) : 8
(0, 0, -9, 0) : 1
(38, 3, 0, -2) : 14
(35, 3, -1, -1) : 13
(41, 3, 0, 0) : 13
(33, 3, -2, 0) : 14
(37, 3, -1, 0) : 18
(32, 3, -1, -1) : 10
(37, 3, 0, -3) : 2
(34, 3, -1, -1) : 6
(35, 3, -1, -3) : 2
(25, 3, -3, -1) : 1
(0, 0, -9, -6) : 1
(28, 3, -2, -3) : 2
(31, 3, -2, -1) : 6
(33, 3, 0, -5) : 2
(26, 3, -2, -8) : 2
(0, 0, -6, -2) : 1
(26, 3, -2, -1) : 2
(32, 3, -2, 0) : 6
(35, 3, -1, 0) : 10
(36, 3, 0, -1) : 1
(34, 3, -1, 0) : 8
(25, 3, -3, -2) : 3
(22, 3, -4, -3) : 2
(42, 3, 0, 0) : 4
(29, 3, -2, -1) : 1
(16, 3, -5, -3) : 2
(25, 3, -4, -4) : 2
(24, 3, -4, -1) : 2
(28, 3, -2, -1) : 4
(29, 3, -3, -1) : 3
(33, 3, -2, -2) : 2
(31, 3, -2, -2) : 5
(0, 0, -7, -9) : 1
(0, 0, -12, -12) : 1
(33, 3, -2, -1) : 2
(34, 3, -2, 0) : 4
(38, 3, -1, 0) : 7
(17, 3, -5, -4) : 2
(30, 3, -3, -1) : 4
(26, 3, -2, -2) : 4
(37, 3, 0, 0) : 2
(22, 3, -5, -1) : 3
(37, 3, 0, -1) : 2
(32, 3, -2, -1) : 5
(32, 3, -1, 0) : 4
(27, 3, -2, -3) : 2
(30, 3, -2, 0) : 2
(17, 3, -6, -1) : 2
(29, 3, -2, 0) : 2
(0, 0, -11, -2) : 1
(28, 3, -3, 0) : 2
(25, 3, -2, 0) : 1
(25, 3, -2, -3) : 2
(23, 3, -3, -4) : 2
(28, 3, -1, -5) : 2
(8, 3, -8, -4) : 1
(24, 3, -2, -4) : 1
(30, 3, -1, -4) : 2
(33, 3, -1, -1) : 2
(28, 3, -2, -2) : 2
(26, 3, -3, -1) : 1
(8, 3, -8, -2) : 2
(22, 3, -3, -3) : 2
(35, 3, -1, -2) : 5
(14, 3, -6, -7) : 1
(0, 0, -12, -7) : 2
(0, 0, -12, -8) : 2
(14, 3, -6, -6) : 1
(22, 3, -5, 0) : 1
(35, 3, 0, -4) : 2
(29, 3, -3, -2) : 5
(39, 3, 0, -2) : 1
(0, 0, 0, 0) : 1
(32, 3, -2, -2) : 1
(24, 3, -2, -5) : 1
(0, 0, -8, -11) : 1
(0, 0, -12, -6) : 1
(0, 0, -10, -7) : 1
(0, 0, -8, -2) : 1
(34, 3, 0, -4) : 13
(0, 0, -3, -7) : 1
(26, 3, -1, -6) : 3
(30, 3, 0, -7) : 4
(32, 3, 0, -5) : 8
(22, 3, -5, -4) : 4
(0, 0, -10, -8) : 3
(24, 3, -4, -4) : 4
(32, 3, 0, -4) : 4
(28, 3, -2, -4) : 4
(26, 3, -3, -4) : 4
(30, 3, -1, -4) : 6
(27, 3, -1, -5) : 4
(27, 3, -1, -7) : 2
(31, 3, 0, -6) : 2
(26, 3, -1, -3) : 2
(34, 3, 0, 0) : 1
(34, 3, 0, -2) : 4
(36, 3, 0, 0) : 12
(32, 3, -1, 0) : 12
(37, 3, 0, 0) : 5
(28, 3, -3, 0) : 5
(32, 3, 0, -3) : 4
(31, 3, -1, 0) : 4
(34, 3, 0, -1) : 4
(30, 3, -2, 0) : 6
(35, 3, 0, -1) : 8
(0, 0, -11, -7) : 2
(0, 0, -11, -9) : 1
(26, 3, -1, -2) : 1
(37, 3, 0, -1) : 8
(0, 0, -9, -10) : 2
(34, 3, -1, 0) : 11
(32, 3, -2, 0) : 8
(0, 0, -8, -10) : 1
(0, 0, -10, -4) : 2
(0, 0, -9, -6) : 2
(0, 0, -9, -11) : 1
(0, 0, -9, -7) : 1
(0, 0, -5, 0) : 1
(0, 0, -7, -1) : 2
(0, 0, -4, -1) : 1
(0, 0, 0, -5) : 2
(0, 0, -3, -1) : 1
(0, 0, -7, -3) : 2
(0, 0, -7, -2) : 1
(39, 3, 0, -1) : 20
(36, 3, -1, 0) : 7
(41, 3, 0, 0) : 13
(40, 3, 0, 0) : 40
(33, 3, -2, -1) : 2
(38, 3, 0, -1) : 36
(36, 3, 0, -3) : 4
(35, 3, -1, -1) : 13
(39, 3, 0, 0) : 30
(38, 3, 0, -2) : 12
(37, 3, 0, -2) : 15
(28, 3, -1, -5) : 2
(33, 3, -2, -2) : 2
(38, 3, -1, 0) : 7
(31, 3, -1, -2) : 15
(32, 3, -1, -1) : 10
(37, 3, -1, 0) : 18
(33, 3, -2, 0) : 14
(36, 3, 0, -2) : 7
(29, 3, -2, 0) : 2
(29, 3, -3, -2) : 4
(35, 3, -1, 0) : 10
(38, 3, 0, 0) : 6
(33, 3, 0, -5) : 2
(34, 3, -1, -1) : 7
(29, 3, -3, -1) : 3
(22, 3, -4, -2) : 1
(0, 0, -12, -3) : 1
(34, 3, -1, -2) : 6
(14, 3, -6, -7) : 1
(23, 3, -3, -4) : 2
(32, 3, -2, -1) : 7
(22, 3, -3, -3) : 2
(28, 3, -3, -1) : 1
(31, 3, -2, -1) : 6
(42, 3, 0, 0) : 4
(30, 3, -3, -1) : 4
(33, 3, -1, -1) : 3
(0, 0, -12, -12) : 1
(26, 3, -3, -1) : 2
(33, 3, -1, 0) : 7
(0, 0, -12, -6) : 2
(35, 3, -1, -2) : 5
(25, 3, -2, -3) : 2
(31, 3, -2, -2) : 5
(26, 3, -2, -3) : 2
(0, 0, -5, -3) : 1
(30, 3, -3, 0) : 2
(17, 3, -5, -4) : 2
(28, 3, -2, -1) : 4
(24, 3, -4, -1) : 2
(0, 0, -12, -5) : 1
(34, 3, -2, 0) : 4
(27, 3, -2, -3) : 2
(35, 3, -1, -3) : 2
(29, 3, -1, -3) : 2
(35, 3, 0, -3) : 4
(14, 3, -6, -6) : 1
(28, 3, -1, -4) : 2
(28, 3, -3, -3) : 2
(35, 3, 0, -4) : 2
(24, 3, -2, -5) : 2
(32, 3, -2, -2) : 1
(29, 3, -3, -3) : 1
(17, 3, -6, -1) : 2
(31, 3, -1, -1) : 1
(25, 3, -2, -1) : 1
(0, 0, -11, -3) : 1
(22, 3, -5, -1) : 2
(32, 3, -1, -2) : 2
(26, 3, -2, -7) : 2
(22, 3, -5, 0) : 2
(0, 0, -12, -8) : 1
(0, 0, -10, -7) : 1
(29, 3, -2, -1) : 1
(25, 3, -3, -2) : 3
(16, 3, -5, -3) : 2
(25, 3, -4, -4) : 2
(0, 0, -6, -4) : 1
(37, 3, 0, -3) : 2
(22, 3, -4, -3) : 1
(0, 0, -1, 0) : 1
(8, 3, -8, -2) : 1
(28, 3, -2, -3) : 2
(26, 3, -2, -2) : 3
(39, 3, 0, -2) : 1
(36, 3, 0, -1) : 2
(26, 3, -2, -1) : 1
(8, 3, -8, -1) : 1
(28, 3, -2, -2) : 2
(0, 0, -8, -3) : 1
(0, 0, -8, -4) : 1
(25, 3, -3, -1) : 1
(8, 3, -8, -4) : 1
(0, 0, -9, -8) : 1
(26, 3, -1, -2) : 2
(34, 3, 0, 0) : 1
(32, 3, 0, -3) : 4
(34, 3, 0, -2) : 4
(36, 3, 0, 0) : 12
(28, 3, -3, 0) : 5
(37, 3, 0, 0) : 5
(32, 3, -1, 0) : 12
(35, 3, 0, -1) : 8
(30, 3, -2, 0) : 6
(34, 3, 0, -1) : 4
(31, 3, -1, 0) : 4
(26, 3, -1, -6) : 1
(34, 3, 0, -4) : 9
(30, 3, 0, -7) : 2
(27, 3, -1, -7) : 1
(30, 3, -1, -4) : 4
(26, 3, -3, -4) : 2
(28, 3, -2, -4) : 2
(24, 3, -4, -4) : 2
(32, 3, 0, -5) : 4
(22, 3, -5, -4) : 2
(32, 3, 0, -4) : 2
(27, 3, -1, -5) : 2
(0, 0, -4, -8) : 1
(0, 0, -7, -6) : 1
(31, 3, 0, -6) : 1
(26, 3, -1, -3) : 1
(0, 0, -10, -11) : 1
(37, 3, 0, -1) : 7
(32, 3, -2, 0) : 8
(34, 3, -1, 0) : 11
(0, 0, -10, -12) : 1
(0, 0, -2, -2) : 1
(0, 0, 0, -2) : 1
(0, 0, -1, 0) : 1
(0, 0, 0, -4) : 1
(0, 0, -8, -2) : 3
(0, 0, -9, -6) : 3
(0, 0, -8, -4) : 2
(0, 0, -9, -8) : 1
(0, 0, -5, 0) : 1
(0, 0, -6, -2) : 2
(0, 0, -7, -2) : 1
(36, 3, 0, -3) : 4
(32, 3, -2, -3) : 2
(35, 3, -1, -2) : 8
(38, 3, 0, -2) : 13
(29, 3, -3, -3) : 2
(36, 3, 0, -2) : 7
(35, 3, 0, -3) : 4
(37, 3, 0, -2) : 16
(24, 3, -2, -5) : 2
(28, 3, -1, -4) : 2
(35, 3, 0, -4) : 2
(28, 3, -3, -4) : 2
(31, 3, -2, -2) : 5
(38, 3, 0, -1) : 35
(34, 3, -1, -1) : 7
(14, 3, -6, -6) : 1
(29, 3, -3, -1) : 2
(29, 3, -1, -3) : 2
(32, 3, -1, -1) : 10
(35, 3, -1, -3) : 2
(27, 3, -2, -3) : 2
(31, 3, -2, -1) : 6
(33, 3, -2, -2) : 2
(38, 3, -1, 0) : 7
(37, 3, -1, 0) : 18
(33, 3, -2, 0) : 14
(39, 3, 0, -1) : 20
(36, 3, -1, 0) : 7
(40, 3, 0, 0) : 40
(41, 3, 0, 0) : 13
(28, 3, -1, -5) : 2
(33, 3, -2, -1) : 2
(31, 3, -1, -2) : 15
(35, 3, -1, -1) : 10
(39, 3, 0, 0) : 30
(34, 3, -2, 0) : 4
(0, 0, -12, -11) : 1
(28, 3, -2, -1) : 2
(17, 3, -5, -4) : 2
(30, 3, -3, 0) : 2
(24, 3, -4, -1) : 2
(30, 3, -3, -1) : 4
(26, 3, -2, -3) : 2
(0, 0, -10, -6) : 2
(35, 3, -1, 0) : 10
(42, 3, 0, 0) : 4
(25, 3, -2, -3) : 2
(34, 3, -1, -2) : 6
(0, 0, -12, -4) : 1
(33, 3, -1, 0) : 7
(32, 3, -2, -1) : 6
(26, 3, -3, -1) : 2
(0, 0, -12, -10) : 1
(33, 3, -1, -1) : 3
(29, 3, -3, -2) : 4
(22, 3, -3, -3) : 2
(23, 3, -3, -4) : 2
(14, 3, -6, -5) : 1
(0, 0, -12, -3) : 1
(22, 3, -4, -3) : 2
(33, 3, 0, -5) : 2
(38, 3, 0, 0) : 6
(29, 3, -2, 0) : 2
(25, 3, -3, -1) : 1
(26, 3, -2, -7) : 2
(0, 0, -10, -4) : 1
(28, 3, -2, -3) : 2
(28, 3, -3, -1) : 1
(0, 0, -12, -5) : 1
(28, 3, -2, -2) : 4
(8, 3, -8, -2) : 1
(26, 3, -2, -2) : 4
(32, 3, -1, -2) : 2
(25, 3, -3, -2) : 2
(0, 0, -11, -2) : 1
(16, 3, -5, -3) : 2
(8, 3, -8, -3) : 1
(25, 3, -3, -3) : 1
(0, 0, -9, -2) : 1
(0, 0, -9, -4) : 1
(0, 0, -5, -6) : 1
(0, 0, -12, -6) : 1
(0, 0, -3, -2) : 1
(8, 3, -8, -4) : 1
(0, 0, -11, -6) : 1
(25, 3, -2, -1) : 1
(17, 3, -6, -1) : 2
(31, 3, -1, -1) : 1
(25, 3, -4, -4) : 2
(37, 3, 0, -3) : 2
(39, 3, 0, -2) : 1
(22, 3, -5, -1) : 3
(22, 3, -5, 0) : 1
(29, 3, -2, -1) : 1
(26, 3, -1, -3) : 1
(26, 3, -1, -2) : 1
(37, 3, 0, -1) : 7
(0, 0, -9, -9) : 2
(0, 0, -9, -6) : 2
(0, 0, -9, -10) : 2
(0, 0, -9, -11) : 1
(32, 3, -2, 0) : 9
(0, 0, -10, 0) : 1
(34, 3, -1, 0) : 11
(0, 0, -6, -3) : 2
(0, 0, -10, -1) : 1
(0, 0, -9, -1) : 1
(0, 0, -3, -1) : 1
(0, 0, -7, -2) : 3
(0, 0, 0, -6) : 2
(0, 0, -4, -2) : 2
(0, 0, -7, -5) : 1
(0, 0, -3, -7) : 1
(32, 3, 0, -5) : 8
(34, 3, 0, -4) : 11
(28, 3, -2, -4) : 4
(24, 3, -4, -4) : 4
(30, 3, -1, -4) : 6
(26, 3, -3, -4) : 4
(30, 3, 0, -7) : 4
(27, 3, -1, -7) : 2
(22, 3, -5, -4) : 4
(0, 0, -9, -7) : 1
(27, 3, -1, -5) : 4
(32, 3, 0, -4) : 4
(31, 3, 0, -6) : 2
(0, 0, -10, -8) : 1
(0, 0, -11, -8) : 1
(0, 0, -10, -9) : 1
(37, 3, 0, -2) : 16
(38, 3, 0, -1) : 35
(31, 3, -2, -1) : 6
(35, 3, -1, -2) : 7
(38, 3, 0, -2) : 13
(34, 3, -1, -1) : 7
(27, 3, -2, -3) : 2
(36, 3, 0, -2) : 8
(31, 3, -2, -2) : 5
(29, 3, -1, -3) : 2
(29, 3, -3, -1) : 3
(32, 3, -1, -1) : 10
(14, 3, -6, -6) : 1
(35, 3, 0, -3) : 4
(40, 3, 0, 0) : 40
(35, 3, -1, -1) : 13
(39, 3, 0, -1) : 20
(37, 3, -1, 0) : 18
(33, 3, -2, 0) : 14
(33, 3, -2, -2) : 2
(38, 3, -1, 0) : 7
(39, 3, 0, 0) : 30
(36, 3, 0, -3) : 3
(31, 3, -1, -2) : 14
(33, 3, -2, -1) : 2
(28, 3, -1, -5) : 2
(36, 3, -1, 0) : 7
(41, 3, 0, 0) : 13
(29, 3, -3, -2) : 4
(29, 3, -2, 0) : 2
(38, 3, 0, 0) : 6
(35, 3, -1, 0) : 10
(33, 3, 0, -5) : 2
(29, 3, -2, -1) : 1
(42, 3, 0, 0) : 4
(34, 3, -1, -2) : 6
(22, 3, -4, -2) : 1
(25, 3, -3, -2) : 4
(16, 3, -5, -3) : 2
(25, 3, -4, -4) : 2
(0, 0, 0, 0) : 1
(0, 0, -5, -6) : 1
(22, 3, -5, -1) : 3
(28, 3, -3, -2) : 1
(32, 3, -1, -2) : 2
(22, 3, -5, 0) : 1
(0, 0, -12, -8) : 2
(26, 3, -2, -8) : 2
(17, 3, -6, -1) : 2
(0, 0, -12, -7) : 1
(34, 3, -2, 0) : 4
(0, 0, -12, -9) : 2
(28, 3, -3, -1) : 2
(0, 0, -7, -11) : 1
(0, 0, -1, 0) : 1
(22, 3, -4, -3) : 1
(14, 3, -6, -8) : 1
(33, 3, -1, 0) : 8
(0, 0, -3, 0) : 1
(37, 3, 0, -3) : 2
(30, 3, -3, -1) : 4
(33, 3, -1, -1) : 2
(0, 0, -12, -13) : 1
(26, 3, -3, -1) : 2
(35, 3, 0, -4) : 2
(8, 3, -8, -2) : 1
(32, 3, -2, -1) : 6
(28, 3, -2, -3) : 2
(26, 3, -2, -2) : 4
(39, 3, 0, -2) : 1
(30, 3, -2, 0) : 2
(23, 3, -3, -4) : 2
(22, 3, -3, -3) : 2
(31, 3, -1, -1) : 2
(28, 3, -1, -4) : 2
(32, 3, -1, 0) : 4
(24, 3, -4, -1) : 2
(0, 0, -7, -7) : 1
(25, 3, -2, -1) : 1
(28, 3, -3, 0) : 1
(30, 3, -3, 0) : 2
(36, 3, 0, -1) : 2
(26, 3, -2, -1) : 1
(17, 3, -5, -4) : 2
(28, 3, -2, -1) : 4
(25, 3, -2, -3) : 2
(0, 0, -11, -6) : 2
(24, 3, -2, -5) : 2
(32, 3, -2, -2) : 1
(29, 3, -3, -3) : 1
(8, 3, -8, -1) : 1
(28, 3, -2, -2) : 2
(37, 3, 0, 0) : 1
(26, 3, -2, -3) : 1
(0, 0, -8, -3) : 1
(8, 3, -8, -4) : 1
(34, 3, 0, 0) : 1
(36, 3, 0, 0) : 12
(34, 3, 0, -2) : 4
(32, 3, 0, -3) : 4
(37, 3, 0, 0) : 5
(32, 3, -1, 0) : 12
(28, 3, -3, 0) : 5
(34, 3, 0, -1) : 4
(30, 3, -2, 0) : 6
(35, 3, 0, -1) : 8
(31, 3, -1, 0) : 4
(36, 3, 0, -3) : 4
(40, 3, 0, 0) : 40
(35, 3, -1, -1) : 11
(38, 3, 0, -1) : 35
(39, 3, 0, -1) : 20
(33, 3, -2, -1) : 2
(39, 3, 0, 0) : 30
(37, 3, 0, -2) : 17
(34, 3, -1, 0) : 7
(41, 3, 0, 0) : 13
(36, 3, -1, 0) : 7
(38, 3, 0, -2) : 13
(33, 3, -2, 0) : 14
(32, 3, -1, -1) : 10
(37, 3, -1, 0) : 18
(31, 3, -1, -2) : 15
(38, 3, -1, 0) : 7
(33, 3, -2, -2) : 2
(28, 3, -1, -5) : 2
(31, 3, -2, -1) : 6
(35, 3, -1, -3) : 2
(29, 3, -3, -1) : 2
(37, 3, 0, -1) : 2
(35, 3, -1, -2) : 7
(14, 3, -6, -7) : 1
(34, 3, 0, -4) : 5
(34, 3, -1, -1) : 7
(27, 3, -2, -3) : 2
(29, 3, -1, -3) : 2
(36, 3, 0, -2) : 7
(35, 3, 0, -3) : 4
(31, 3, -2, -2) : 5
(30, 3, -1, -4) : 2
(28, 3, -3, -4) : 1
(28, 3, -3, -3) : 1
(32, 3, -2, -3) : 1
(28, 3, -1, -4) : 2
(29, 3, -3, -2) : 5
(35, 3, 0, -4) : 2
(29, 3, -3, -3) : 1
(24, 3, -2, -5) : 2
(32, 3, -2, -2) : 1
(22, 3, -5, 0) : 2
(0, 0, -12, -6) : 2
(17, 3, -6, -1) : 2
(26, 3, -2, -7) : 2
(0, 0, -3, 0) : 1
(34, 3, -2, 0) : 4
(32, 3, -1, -2) : 2
(22, 3, -5, -1) : 2
(0, 0, -10, -8) : 1
(29, 3, -2, -1) : 1
(25, 3, -4, -4) : 2
(34, 3, -1, -2) : 6
(22, 3, -4, -3) : 1
(42, 3, 0, 0) : 4
(25, 3, -3, -2) : 4
(35, 3, -1, 0) : 10
(16, 3, -5, -3) : 2
(22, 3, -4, -2) : 1
(0, 0, -7, -3) : 1
(0, 0, -1, 0) : 1
(0, 0, -12, -5) : 1
(0, 0, -12, -4) : 1
(14, 3, -6, -6) : 1
(30, 3, -3, 0) : 2
(26, 3, -2, -3) : 3
(30, 3, -3, -1) : 4
(24, 3, -4, -1) : 2
(0, 0, -12, -16) : 1
(28, 3, -2, -1) : 3
(17, 3, -5, -4) : 2
(38, 3, 0, 0) : 6
(0, 0, -8, -1) : 1
(32, 3, -2, 0) : 5
(33, 3, -1, 0) : 7
(32, 3, -2, -1) : 5
(25, 3, -2, -3) : 2
(26, 3, -2, -2) : 3
(36, 3, 0, -1) : 1
(29, 3, -2, 0) : 2
(0, 0, -6, -3) : 1
(25, 3, -2, -1) : 1
(0, 0, -9, -4) : 1
(26, 3, -3, -2) : 1
(0, 0, -12, -7) : 1
(33, 3, -1, -1) : 3
(28, 3, -3, -1) : 1
(22, 3, -3, -3) : 2
(23, 3, -3, -4) : 2
(37, 3, 0, -3) : 2
(39, 3, 0, -2) : 1
(28, 3, -2, -2) : 4
(8, 3, -8, -4) : 1
(0, 0, -3, -2) : 1
(33, 3, 0, -5) : 2
(0, 0, -11, -9) : 1
(28, 3, -2, -3) : 1
(0, 0, -11, -4) : 1
(8, 3, -8, -3) : 2
(31, 3, -1, -1) : 1
(0, 0, -8, -5) : 1
(26, 3, -3, -1) : 1
(0, 0, -11, -7) : 1
(32, 3, 0, -5) : 4
(30, 3, 0, -7) : 2
(27, 3, -1, -7) : 1
(34, 3, 0, -4) : 8
(22, 3, -5, -4) : 2
(27, 3, -1, -5) : 2
(26, 3, -3, -4) : 2
(30, 3, -1, -4) : 4
(24, 3, -4, -4) : 2
(28, 3, -2, -4) : 2
(32, 3, 0, -4) : 2
(0, 0, -7, -7) : 1
(0, 0, -10, -7) : 1
(31, 3, 0, -6) : 1
(37, 3, 0, -1) : 4
(40, 3, 0, 0) : 40
(33, 3, -2, 0) : 14
(37, 3, -1, 0) : 18
(36, 3, 0, -2) : 7
(31, 3, -1, -2) : 14
(33, 3, 0, -5) : 2
(39, 3, 0, 0) : 30
(29, 3, -2, 0) : 2
(38, 3, 0, 0) : 6
(35, 3, -1, 0) : 10
(38, 3, 0, -1) : 35
(29, 3, -3, -2) : 5
(41, 3, 0, 0) : 13
(36, 3, -1, 0) : 7
(33, 3, -2, -1) : 2
(36, 3, 0, -3) : 4
(28, 3, -1, -5) : 2
(38, 3, -1, 0) : 7
(33, 3, -2, -2) : 2
(39, 3, 0, -1) : 20
(34, 3, -1, 0) : 7
(38, 3, 0, -2) : 13
(35, 3, -1, -1) : 11
(37, 3, 0, -2) : 15
(32, 3, -1, -1) : 10
(14, 3, -6, -6) : 2
(29, 3, -3, -1) : 2
(35, 3, -1, -2) : 7
(31, 3, -2, -2) : 5
(35, 3, 0, -3) : 4
(29, 3, -1, -3) : 2
(34, 3, -1, -1) : 7
(31, 3, -2, -1) : 6
(27, 3, -2, -3) : 2
(33, 3, -1, -1) : 2
(42, 3, 0, 0) : 4
(0, 0, -12, -9) : 1
(26, 3, -3, -2) : 2
(32, 3, -2, 0) : 6
(30, 3, -3, -1) : 4
(23, 3, -3, -4) : 2
(22, 3, -3, -3) : 2
(30, 3, -2, 0) : 2
(22, 3, -4, -3) : 2
(32, 3, -2, -1) : 5
(0, 0, -12, -7) : 3
(34, 3, -1, -2) : 6
(28, 3, -3, -1) : 1
(17, 3, -5, -4) : 2
(28, 3, -2, -1) : 2
(0, 0, -12, -12) : 1
(34, 3, -2, 0) : 4
(26, 3, -2, -2) : 4
(0, 0, -3, -4) : 1
(30, 3, -3, 0) : 2
(24, 3, -4, -1) : 2
(25, 3, -2, -3) : 2
(33, 3, -1, 0) : 8
(24, 3, -2, -5) : 2
(32, 3, -2, -3) : 1
(29, 3, -3, -3) : 1
(28, 3, -1, -4) : 2
(35, 3, 0, -4) : 2
(28, 3, -3, -4) : 2
(25, 3, -3, -2) : 4
(8, 3, -8, -2) : 1
(28, 3, -2, -2) : 4
(0, 0, -11, -4) : 1
(32, 3, -1, -2) : 2
(8, 3, -8, -4) : 2
(16, 3, -5, -3) : 2
(0, 0, -12, -6) : 1
(0, 0, -10, -6) : 2
(26, 3, -2, -3) : 2
(0, 0, -9, -8) : 1
(35, 3, -1, -3) : 2
(26, 3, -2, -8) : 2
(28, 3, -2, -3) : 2
(0, 0, -6, -5) : 1
(0, 0, -9, -5) : 1
(28, 3, -3, 0) : 1
(32, 3, -1, 0) : 4
(0, 0, -10, -4) : 1
(0, 0, -5, -6) : 1
(0, 0, -4, -5) : 1
(17, 3, -6, -1) : 2
(31, 3, -1, -1) : 2
(25, 3, -2, -1) : 1
(22, 3, -5, -1) : 2
(22, 3, -5, 0) : 2
(25, 3, -4, -4) : 2
(29, 3, -2, -1) : 1
(37, 3, 0, -3) : 2
(39, 3, 0, -2) : 1
(0, 0, -3, 0) : 1
(37, 3, 0, 0) : 1
(38, 3, 0, -1) : 34
(31, 3, -2, -2) : 5
(34, 3, -1, -1) : 7
(38, 3, 0, -2) : 14
(37, 3, 0, -2) : 17
(36, 3, 0, -2) : 7
(35, 3, -1, -2) : 9
(31, 3, -2, -1) : 6
(27, 3, -2, -3) : 2
(35, 3, 0, -3) : 4
(30, 3, -1, -4) : 2
(14, 3, -6, -6) : 1
(32, 3, -1, -1) : 10
(34, 3, 0, -4) : 5
(29, 3, -3, -1) : 2
(29, 3, -1, -3) : 2
(37, 3, 0, -1) : 2
(32, 3, -2, -3) : 1
(29, 3, -3, -2) : 5
(36, 3, 0, -3) : 4
(35, 3, 0, -4) : 2
(28, 3, -3, -4) : 1
(28, 3, -3, -3) : 1
(28, 3, -1, -4) : 2
(24, 3, -2, -5) : 2
(29, 3, -3, -3) : 1
(32, 3, -2, -2) : 1
(14, 3, -6, -8) : 1
(40, 3, 0, 0) : 40
(33, 3, -2, 0) : 14
(37, 3, -1, 0) : 18
(39, 3, 0, 0) : 30
(41, 3, 0, 0) : 13
(34, 3, -1, -2) : 6
(0, 0, -12, -7) : 3
(35, 3, -1, 0) : 10
(33, 3, -1, 0) : 8
(38, 3, -1, 0) : 7
(35, 3, -1, -1) : 10
(39, 3, 0, -1) : 20
(42, 3, 0, 0) : 4
(25, 3, -2, -3) : 2
(32, 3, -2, -1) : 4
(36, 3, -1, 0) : 7
(33, 3, -2, -1) : 2
(30, 3, -3, 0) : 2
(30, 3, -3, -1) : 4
(0, 0, -11, -7) : 2
(31, 3, -1, -2) : 15
(26, 3, -2, -2) : 4
(33, 3, -2, -2) : 2
(34, 3, -2, 0) : 4
(0, 0, -12, -12) : 1
(28, 3, -2, -1) : 3
(24, 3, -4, -1) : 2
(17, 3, -5, -4) : 2
(22, 3, -4, -2) : 1
(30, 3, -2, 0) : 2
(22, 3, -3, -3) : 2
(28, 3, -3, -1) : 1
(32, 3, -2, 0) : 6
(23, 3, -3, -4) : 2
(26, 3, -3, -1) : 1
(34, 3, -1, 0) : 7
(0, 0, -12, -5) : 1
(33, 3, -1, -1) : 2
(28, 3, -1, -5) : 2
(38, 3, 0, 0) : 6
(29, 3, -2, 0) : 2
(33, 3, 0, -5) : 2
(36, 3, 0, -1) : 1
(25, 3, -4, -4) : 2
(29, 3, -2, -1) : 1
(25, 3, -3, -2) : 3
(22, 3, -4, -3) : 1
(16, 3, -5, -3) : 2
(37, 3, 0, -3) : 2
(26, 3, -2, -3) : 1
(39, 3, 0, -2) : 1
(28, 3, -2, -2) : 4
(8, 3, -8, -4) : 1
(22, 3, -5, 0) : 2
(17, 3, -6, -1) : 2
(26, 3, -2, -8) : 2
(32, 3, -1, -2) : 2
(0, 0, -3, 0) : 1
(0, 0, -10, -6) : 1
(22, 3, -5, -1) : 2
(0, 0, -6, -6) : 1
(0, 0, 0, 0) : 1
(0, 0, -12, -6) : 1
(37, 3, 0, 0) : 1
(0, 0, -7, -3) : 1
(32, 3, -1, 0) : 4
(0, 0, -10, -5) : 1
(28, 3, -3, 0) : 1
(25, 3, -2, -1) : 1
(0, 0, -6, -2) : 1
(28, 3, -2, -3) : 1
(0, 0, -9, -9) : 1
(35, 3, -1, -3) : 1
(0, 0, -8, -2) : 1
(26, 3, -3, -2) : 1
(8, 3, -8, -3) : 1
(8, 3, -8, -2) : 1
(0, 0, -11, -5) : 1
(31, 3, -1, -1) : 1
(25, 3, -3, -3) : 1
(26, 3, -2, -1) : 1
(37, 3, 0, -2) : 32
(35, 3, -1, -2) : 8
(33, 3, -2, -1) : 10
(32, 3, -2, -1) : 4
(39, 3, 0, -1) : 88
(38, 3, 0, -2) : 29
(37, 3, 0, -3) : 19
(33, 3, -1, -3) : 6
(40, 3, 0, -1) : 18
(41, 3, 0, 0) : 56
(40, 3, 0, 0) : 52
(42, 3, 0, 0) : 14
(37, 3, -1, 0) : 32
(38, 3, 0, -3) : 2
(34, 3, -2, 0) : 4
(38, 3, -1, 0) : 18
(35, 3, -1, 0) : 2
(37, 3, -1, -2) : 3
(35, 3, -2, 0) : 4
(36, 3, -1, -1) : 12
(24, 3, -3, -4) : 1
(31, 3, -3, 0) : 4
(34, 3, -2, -1) : 4
(30, 3, -3, 0) : 2
(40, 3, -1, 0) : 2
(37, 3, -1, -1) : 10
(30, 3, -3, -2) : 1
(31, 3, -3, -1) : 4
(42, 3, 0, -1) : 3
(35, 3, -2, -1) : 2
(30, 3, -2, -4) : 2
(38, 3, 0, -1) : 6
(29, 3, -3, -1) : 6
(39, 3, 0, 0) : 4
(35, 3, 0, -4) : 9
(35, 3, 0, -6) : 1
(35, 3, -2, -2) : 4
(35, 3, 0, -5) : 4
(24, 3, -3, -3) : 1
(38, 3, -1, -1) : 2
(28, 3, -3, -3) : 2
(37, 3, 0, -4) : 2
(33, 3, -2, 0) : 3
(25, 3, -5, 0) : 1
(40, 3, 0, -1) : 19
(34, 3, -2, 0) : 6
(39, 3, 0, -1) : 88
(37, 3, -1, -1) : 13
(40, 3, 0, 0) : 51
(42, 3, 0, 0) : 14
(36, 3, -1, -1) : 12
(24, 3, -3, -3) : 1
(41, 3, 0, 0) : 56
(31, 3, -3, 0) : 5
(35, 3, -1, -1) : 4
(38, 3, -1, 0) : 18
(37, 3, -1, 0) : 30
(35, 3, -2, 0) : 7
(38, 3, 0, -2) : 29
(33, 3, -2, -1) : 10
(35, 3, -1, 0) : 2
(37, 3, 0, -2) : 31
(38, 3, 0, -3) : 2
(37, 3, -1, -2) : 2
(30, 3, -2, -4) : 2
(42, 3, 0, -1) : 2
(32, 3, -2, -1) : 2
(37, 3, 0, -3) : 20
(31, 3, -3, -1) : 3
(30, 3, -3, -2) : 1
(35, 3, -2, -1) : 1
(30, 3, -3, 0) : 2
(40, 3, -1, 0) : 2
(33, 3, -1, -3) : 4
(32, 3, -2, -2) : 2
(38, 3, 0, -1) : 6
(29, 3, -3, 0) : 2
(29, 3, -3, -1) : 4
(38, 3, -1, -1) : 2
(35, 3, 0, -4) : 9
(33, 3, -1, -2) : 2
(25, 3, -5, 0) : 1
(28, 3, -3, -2) : 1
(35, 3, -1, -2) : 4
(28, 3, -3, -3) : 1
(37, 3, 0, -4) : 2
(34, 3, -2, -1) : 2
(35, 3, 0, -5) : 4
(33, 3, -2, 0) : 3
(39, 3, 0, 0) : 4
(24, 3, -3, -2) : 1
(35, 3, 0, -6) : 1
(35, 3, -2, -2) : 2
(37, 3, -1, 0) : 31
(33, 3, -2, 0) : 3
(32, 3, -2, 0) : 1
(41, 3, 0, 0) : 56
(42, 3, 0, 0) : 14
(24, 3, -3, -5) : 1
(39, 3, 0, -1) : 77
(40, 3, 0, 0) : 50
(30, 3, -2, -4) : 2
(38, 3, 0, -2) : 27
(29, 3, -3, -1) : 5
(38, 3, -1, 0) : 20
(39, 3, 0, 0) : 4
(31, 3, -3, 0) : 6
(35, 3, -2, 0) : 8
(35, 3, -1, 0) : 2
(35, 3, 0, -5) : 4
(25, 3, -5, 0) : 1
(33, 3, -2, -1) : 8
(30, 3, -3, 0) : 2
(37, 3, -1, -1) : 11
(36, 3, -1, -1) : 12
(29, 3, -3, 0) : 1
(28, 3, -3, -2) : 1
(40, 3, -1, 0) : 2
(35, 3, -1, -2) : 5
(35, 3, -1, -1) : 1
(28, 3, -3, -3) : 1
(37, 3, 0, -2) : 26
(24, 3, -3, -3) : 1
(40, 3, 0, -1) : 19
(32, 3, -2, -1) : 1
(33, 3, -1, -3) : 2
(37, 3, 0, -3) : 17
(38, 3, 0, -3) : 2
(34, 3, -2, 0) : 7
(37, 3, 0, -4) : 2
(37, 3, -1, -2) : 3
(35, 3, 0, -4) : 9
(38, 3, 0, -1) : 6
(33, 3, -1, -2) : 2
(30, 3, -3, -2) : 1
(31, 3, -3, -1) : 2
(42, 3, 0, -1) : 1
(35, 3, -2, -1) : 2
(34, 3, -2, -1) : 1
(35, 3, 0, -6) : 1
(41, 3, 0, 0) : 55
(40, 3, 0, -1) : 22
(43, 3, 0, 0) : 18
(42, 3, 0, 0) : 27
(32, 3, -1, -6) : 6
(37, 3, -1, 0) : 30
(38, 3, -1, 0) : 19
(39, 3, -1, 0) : 16
(34, 3, -2, 0) : 12
(33, 3, -2, -1) : 13
(36, 3, -2, 0) : 18
(26, 3, -3, -6) : 6
(31, 3, -3, 0) : 10
(29, 3, -3, -1) : 5
(25, 3, -5, 0) : 2
(37, 3, -2, 0) : 3
(39, 3, 0, -1) : 25
(38, 3, 0, -3) : 2
(40, 3, 0, 0) : 13
(38, 3, 0, -2) : 9
(37, 3, -1, -1) : 7
(40, 3, -1, 0) : 4
(34, 3, -2, -1) : 1
(36, 3, -1, -1) : 11
(30, 3, -3, 0) : 4
(42, 3, 0, -1) : 3
(30, 3, -2, -4) : 3
(35, 3, -2, -1) : 1
(37, 3, 0, -3) : 4
(31, 3, -3, -1) : 4
(30, 3, -3, -2) : 2
(37, 3, 0, -2) : 1
(35, 3, -1, 0) : 2
(45, 4, 0, 0) : 1
(0, 0, -9, -12) : 1
(28, 3, -3, -2) : 4
(33, 3, -2, 0) : 4
(38, 3, 0, -4) : 1
(35, 3, 0, -6) : 2
(24, 3, -3, -5) : 2
(37, 3, 0, -4) : 4
(19, 3, -5, -8) : 4
(19, 3, -5, -7) : 2
(35, 3, -2, 0) : 2
(35, 3, -1, -2) : 2
(35, 3, -1, -1) : 1
(32, 3, -2, -1) : 1
(37, 3, -1, -2) : 1
(35, 3, 0, -5) : 1
(0, 0, -10, -12) : 1
(33, 3, -2, -1) : 12
(34, 3, -2, 0) : 13
(29, 3, -3, -1) : 4
(36, 3, -2, 0) : 18
(31, 3, -3, 0) : 9
(26, 3, -3, -6) : 6
(33, 3, -2, 0) : 6
(37, 3, -2, 0) : 3
(40, 3, 0, -1) : 22
(41, 3, 0, 0) : 62
(38, 3, -1, 0) : 13
(39, 3, -1, 0) : 16
(43, 3, 0, 0) : 18
(37, 3, -1, 0) : 27
(42, 3, 0, 0) : 28
(32, 3, -1, -6) : 6
(35, 3, -2, -1) : 1
(42, 3, 0, -1) : 2
(39, 3, 0, -1) : 28
(37, 3, 0, -3) : 4
(30, 3, -3, -2) : 2
(31, 3, -3, -1) : 4
(32, 3, -2, -1) : 2
(37, 3, -1, -1) : 6
(30, 3, -2, -4) : 4
(38, 3, 0, -2) : 10
(40, 3, -1, 0) : 3
(30, 3, -3, 0) : 3
(36, 3, -1, -1) : 9
(38, 3, 0, -3) : 2
(40, 3, 0, 0) : 15
(35, 3, -1, -2) : 1
(35, 3, -1, -1) : 1
(28, 3, -3, -3) : 1
(25, 3, -5, 0) : 1
(19, 3, -5, -8) : 3
(45, 4, 0, 0) : 1
(35, 3, 0, -5) : 2
(35, 3, -1, 0) : 3
(39, 3, 0, 0) : 1
(37, 3, 0, -2) : 1
(24, 3, -3, -3) : 1
(28, 3, -3, -2) : 2
(37, 3, 0, -4) : 4
(0, 0, -8, -11) : 1
(19, 3, -5, -7) : 3
(35, 3, -2, 0) : 1
(24, 3, -3, -2) : 1
(24, 3, -3, -4) : 1
(37, 3, -1, -2) : 1
(0, 0, -9, -11) : 1
(38, 3, 0, -4) : 1
(35, 3, 0, -6) : 2
(38, 3, 0, -2) : 10
(41, 3, 0, 0) : 60
(37, 3, -1, 0) : 30
(40, 3, 0, 0) : 20
(39, 3, 0, -1) : 26
(42, 3, 0, 0) : 31
(38, 3, 0, -3) : 2
(37, 3, 0, -2) : 2
(38, 3, -1, 0) : 13
(35, 3, -1, 0) : 4
(34, 3, -2, 0) : 6
(31, 3, -3, 0) : 8
(24, 3, -3, -5) : 3
(36, 3, -1, -1) : 9
(35, 3, -2, 0) : 2
(35, 3, 0, -6) : 2
(40, 3, 0, -1) : 12
(29, 3, -3, -1) : 1
(39, 3, -1, 0) : 12
(43, 3, 0, 0) : 14
(26, 3, -3, -6) : 4
(19, 3, -5, -7) : 1
(37, 3, -2, 0) : 2
(32, 3, -1, -6) : 4
(36, 3, -2, 0) : 14
(0, 0, -10, -13) : 1
(30, 3, -2, -4) : 3
(33, 3, -2, -1) : 7
(28, 3, -3, -2) : 3
(33, 3, -2, 0) : 5
(31, 3, -3, -1) : 3
(40, 3, -1, 0) : 2
(30, 3, -3, 0) : 2
(45, 4, 0, 0) : 1
(38, 3, 0, -4) : 1
(24, 3, -3, -6) : 1
(37, 3, 0, -4) : 4
(19, 3, -5, -8) : 5
(35, 3, 0, -5) : 2
(39, 3, 0, 0) : 1
(35, 3, -1, -2) : 2
(37, 3, 0, -3) : 2
(0, 0, -9, -10) : 1
(30, 3, -3, -2) : 1
(34, 3, -2, -1) : 1
(37, 3, -1, -1) : 2
(29, 3, -3, 0) : 1
(32, 3, -2, -1) : 1
(37, 3, -1, -2) : 1
(25, 3, -5, 0) : 1
(38, 3, 0, -2) : 9
(37, 3, -1, 0) : 33
(41, 3, 0, 0) : 53
(40, 3, 0, 0) : 18
(35, 3, -2, 0) : 3
(42, 3, 0, 0) : 27
(38, 3, -1, 0) : 19
(35, 3, -1, -1) : 2
(39, 3, 0, -1) : 23
(31, 3, -3, 0) : 9
(34, 3, -2, -1) : 1
(24, 3, -3, -2) : 1
(36, 3, -1, -1) : 11
(35, 3, -1, 0) : 3
(34, 3, -2, 0) : 6
(38, 3, 0, -3) : 2
(35, 3, -1, -2) : 2
(33, 3, -2, -1) : 7
(37, 3, 0, -4) : 4
(33, 3, -2, 0) : 4
(0, 0, -9, -12) : 1
(36, 3, -2, 0) : 14
(30, 3, -3, 0) : 3
(39, 3, -1, 0) : 11
(31, 3, -3, -1) : 3
(19, 3, -5, -7) : 4
(30, 3, -3, -2) : 1
(19, 3, -5, -8) : 2
(43, 3, 0, 0) : 14
(37, 3, -1, -1) : 3
(40, 3, 0, -1) : 12
(37, 3, -2, 0) : 2
(35, 3, 0, -5) : 1
(37, 3, 0, -3) : 2
(28, 3, -3, -2) : 4
(29, 3, -3, 0) : 1
(32, 3, -2, 0) : 1
(24, 3, -3, -5) : 1
(30, 3, -2, -4) : 2
(37, 3, 0, -2) : 1
(40, 3, -1, 0) : 3
(45, 4, 0, 0) : 1
(26, 3, -3, -6) : 4
(25, 3, -5, 0) : 1
(29, 3, -3, -1) : 2
(35, 3, 0, -6) : 2
(32, 3, -1, -6) : 4
(0, 0, -10, -10) : 1
(42, 3, 0, -1) : 1
(37, 3, -1, -2) : 1
(38, 3, 0, -4) : 1
(24, 3, -3, -6) : 1
(35, 3, -2, -2) : 6
(38, 3, 0, -2) : 21
(39, 3, 0, -2) : 2
(37, 3, 0, -2) : 22
(35, 3, 0, -4) : 9
(37, 3, 0, -3) : 14
(33, 3, -1, -3) : 4
(35, 3, 0, -5) : 4
(35, 3, -1, -2) : 4
(37, 3, -1, 0) : 22
(38, 3, -1, 0) : 14
(40, 3, 0, -1) : 9
(34, 3, -2, 0) : 2
(41, 3, 0, 0) : 36
(40, 3, 0, 0) : 37
(39, 3, 0, -1) : 53
(42, 3, 0, 0) : 9
(36, 3, -1, -1) : 10
(24, 3, -3, -2) : 1
(34, 3, -2, -1) : 2
(31, 3, -3, 0) : 3
(35, 3, 0, -6) : 1
(29, 3, -3, -1) : 2
(33, 3, -2, -1) : 4
(35, 3, -1, 0) : 1
(39, 3, 0, 0) : 4
(31, 3, -3, -1) : 3
(37, 3, -1, -1) : 5
(30, 3, -2, -4) : 1
(42, 3, 0, -1) : 1
(30, 3, -3, 0) : 1
(40, 3, -1, 0) : 1
(35, 3, -1, -1) : 1
(32, 3, -2, -2) : 1
(38, 3, 0, -1) : 2
(38, 3, -1, -1) : 4
(33, 3, -2, 0) : 3
(37, 3, 0, -4) : 2
(35, 3, -2, 0) : 2
(28, 3, -3, -3) : 2
(25, 3, -5, 0) : 1
(39, 3, 0, 0) : 4
(40, 3, 0, 0) : 36
(37, 3, -1, 0) : 22
(38, 3, 0, -1) : 2
(35, 3, 0, -4) : 9
(39, 3, 0, -1) : 42
(37, 3, 0, -2) : 16
(38, 3, -1, 0) : 18
(41, 3, 0, 0) : 36
(33, 3, -2, 0) : 3
(35, 3, -2, 0) : 6
(42, 3, 0, 0) : 9
(24, 3, -3, -4) : 1
(35, 3, 0, -5) : 4
(31, 3, -3, 0) : 5
(30, 3, -2, -4) : 1
(38, 3, 0, -2) : 19
(37, 3, 0, -4) : 2
(34, 3, -2, 0) : 4
(36, 3, -1, -1) : 10
(35, 3, -1, -2) : 4
(33, 3, -2, -1) : 3
(25, 3, -5, 0) : 1
(28, 3, -3, -2) : 2
(29, 3, -3, -1) : 2
(30, 3, -3, 0) : 1
(37, 3, -1, -1) : 5
(37, 3, 0, -3) : 13
(40, 3, 0, -1) : 9
(40, 3, -1, 0) : 1
(35, 3, -1, 0) : 1
(33, 3, -1, -2) : 1
(39, 3, 0, -2) : 2
(35, 3, -2, -2) : 2
(33, 3, -1, -3) : 1
(35, 3, 0, -6) : 1
(31, 3, -3, -1) : 1
(35, 3, -1, 0) : 1
(29, 3, -3, -1) : 1
(40, 3, 0, 0) : 19
(41, 3, 0, 0) : 30
(31, 3, -3, 0) : 3
(35, 3, 0, -5) : 2
(39, 3, 0, -1) : 52
(37, 3, 0, -2) : 18
(42, 3, 0, 0) : 8
(32, 3, -2, 0) : 1
(30, 3, -2, -4) : 2
(24, 3, -3, -4) : 2
(33, 3, -2, 0) : 2
(37, 3, -1, 0) : 12
(38, 3, 0, -2) : 12
(38, 3, 0, -3) : 1
(33, 3, -2, -1) : 6
(34, 3, -2, 0) : 5
(37, 3, -1, -1) : 8
(40, 3, 0, -1) : 13
(36, 3, -1, -1) : 7
(30, 3, -3, 0) : 1
(38, 3, 0, -1) : 4
(37, 3, -1, -2) : 2
(29, 3, -3, 0) : 2
(38, 3, -1, 0) : 5
(37, 3, 0, -3) : 8
(37, 3, 0, -4) : 1
(28, 3, -3, -2) : 1
(31, 3, -3, -1) : 3
(34, 3, -2, -1) : 2
(40, 3, -1, 0) : 1
(35, 3, -2, -2) : 4
(33, 3, -1, -3) : 3
(35, 3, 0, -4) : 1
(35, 3, -1, -2) : 3
(32, 3, -2, -1) : 3
(30, 3, -3, -2) : 1
(42, 3, 0, -1) : 1
(38, 3, -1, -1) : 1
(39, 3, 0, 0) : 1
(35, 3, -2, 0) : 1
(30, 3, -3, 0) : 2
(37, 3, -1, 0) : 18
(39, 3, -1, 0) : 10
(19, 3, -5, -8) : 3
(36, 3, -1, -1) : 7
(35, 3, -1, 0) : 1
(36, 3, -2, 0) : 9
(30, 3, -3, -2) : 1
(31, 3, -3, 0) : 5
(31, 3, -3, -1) : 1
(35, 3, -1, -2) : 1
(38, 3, -1, 0) : 10
(29, 3, -3, -1) : 3
(35, 3, -1, -1) : 1
(37, 3, -1, -1) : 4
(33, 3, -2, -1) : 9
(25, 3, -5, 0) : 1
(28, 3, -3, -3) : 2
(34, 3, -2, 0) : 12
(41, 3, 0, 0) : 41
(39, 3, 0, -1) : 19
(42, 3, 0, 0) : 12
(33, 3, -2, 0) : 2
(37, 3, 0, -4) : 4
(40, 3, 0, 0) : 11
(43, 3, 0, 0) : 9
(40, 3, 0, -1) : 13
(32, 3, -1, -6) : 6
(37, 3, -2, 0) : 2
(26, 3, -3, -6) : 5
(37, 3, 0, -3) : 2
(28, 3, -3, -2) : 1
(38, 3, 0, -3) : 2
(38, 3, 0, -2) : 7
(24, 3, -3, -3) : 1
(40, 3, -1, 0) : 1
(30, 3, -2, -4) : 1
(0, 0, -10, -10) : 1
(38, 3, 0, -4) : 1
(35, 3, 0, -6) : 2
(34, 3, -2, -1) : 1
(41, 3, 0, 0) : 30
(39, 3, -1, 0) : 6
(42, 3, 0, 0) : 17
(32, 3, -1, -6) : 2
(40, 3, 0, -1) : 12
(37, 3, -1, 0) : 11
(43, 3, 0, 0) : 10
(38, 3, -1, 0) : 11
(39, 3, 0, -1) : 10
(38, 3, 0, -3) : 2
(40, 3, 0, 0) : 6
(34, 3, -2, 0) : 10
(33, 3, -2, -1) : 8
(37, 3, -1, -1) : 7
(40, 3, -1, 0) : 4
(34, 3, -2, -1) : 1
(38, 3, 0, -2) : 1
(37, 3, 0, -2) : 1
(19, 3, -5, -7) : 1
(37, 3, -2, 0) : 2
(26, 3, -3, -6) : 5
(36, 3, -1, -1) : 2
(33, 3, -2, 0) : 3
(36, 3, -2, 0) : 7
(28, 3, -3, -2) : 1
(31, 3, -3, 0) : 4
(30, 3, -2, -4) : 2
(38, 3, 0, -4) : 1
(37, 3, 0, -4) : 1
(24, 3, -3, -6) : 2
(24, 3, -3, -5) : 2
(35, 3, 0, -5) : 1
(37, 3, 0, -3) : 2
(35, 3, -1, -1) : 2
(35, 3, -2, 0) : 4
(32, 3, -2, 0) : 1
(29, 3, -3, -1) : 4
(39, 3, 0, 0) : 1
(25, 3, -5, 0) : 2
(42, 3, 0, -1) : 3
(35, 3, -2, -1) : 1
(45, 4, 0, 0) : 1
(32, 3, -2, -1) : 1
(37, 3, -1, -2) : 1
(38, 3, 0, -2) : 7
(34, 3, -2, 0) : 9
(41, 3, 0, 0) : 30
(37, 3, -1, 0) : 15
(40, 3, 0, 0) : 7
(39, 3, 0, -1) : 18
(33, 3, -2, -1) : 9
(42, 3, 0, 0) : 12
(37, 3, 0, -2) : 1
(38, 3, -1, 0) : 9
(35, 3, -1, 0) : 2
(29, 3, -3, -1) : 4
(40, 3, 0, -1) : 14
(31, 3, -3, 0) : 8
(36, 3, -2, 0) : 9
(37, 3, -2, 0) : 2
(26, 3, -3, -6) : 2
(39, 3, -1, 0) : 8
(43, 3, 0, 0) : 6
(30, 3, -2, -4) : 2
(28, 3, -3, -2) : 1
(36, 3, -1, -1) : 5
(33, 3, -2, 0) : 2
(31, 3, -3, -1) : 4
(35, 3, -2, -1) : 1
(37, 3, -1, -1) : 3
(42, 3, 0, -1) : 2
(37, 3, 0, -3) : 4
(30, 3, -3, -2) : 2
(37, 3, -1, -2) : 1
(32, 3, -2, -1) : 1
(25, 3, -5, 0) : 1
(35, 3, -1, -1) : 1
(40, 3, -1, 0) : 1
(30, 3, -3, 0) : 1
(35, 3, -1, -2) : 1
(19, 3, -5, -7) : 1
(35, 3, 0, -5) : 1
(0, 0, -6, -13) : 1
(35, 3, -1, -2) : 1
(38, 3, 0, -2) : 9
(39, 3, 0, -2) : 1
(37, 3, 0, -2) : 13
(35, 3, 0, -4) : 2
(35, 3, -2, -2) : 4
(37, 3, 0, -3) : 4
(33, 3, -1, -3) : 3
(37, 3, -1, 0) : 11
(40, 3, 0, 0) : 21
(33, 3, -2, -1) : 6
(41, 3, 0, 0) : 17
(39, 3, 0, -1) : 35
(42, 3, 0, 0) : 5
(38, 3, -1, 0) : 5
(37, 3, 0, -4) : 1
(33, 3, -2, 0) : 1
(40, 3, 0, -1) : 9
(29, 3, -3, -1) : 1
(34, 3, -2, 0) : 1
(39, 3, 0, 0) : 2
(35, 3, -1, -1) : 3
(32, 3, -2, -2) : 2
(30, 3, -3, -2) : 1
(32, 3, -2, -1) : 1
(37, 3, -1, -1) : 3
(42, 3, 0, -1) : 1
(31, 3, -3, 0) : 1
(34, 3, -2, -1) : 1
(36, 3, -1, -1) : 2
(24, 3, -3, -2) : 1
(30, 3, -2, -4) : 1
(38, 3, 0, -1) : 1
(38, 3, -1, -1) : 2
(31, 3, -3, -1) : 1
(35, 3, -2, 0) : 1
(30, 3, -3, 0) : 1
(29, 3, -3, 0) : 3
(37, 3, -1, 0) : 9
(36, 3, -1, -1) : 5
(38, 3, -1, 0) : 5
(25, 3, -5, 0) : 1
(28, 3, -3, -2) : 1
(33, 3, -2, -1) : 6
(37, 3, -1, -1) : 11
(35, 3, -1, -1) : 2
(31, 3, -3, 0) : 3
(41, 3, 0, 0) : 15
(40, 3, 0, 0) : 8
(39, 3, 0, -1) : 31
(35, 3, -1, 0) : 1
(37, 3, 0, -2) : 8
(38, 3, 0, -2) : 6
(42, 3, 0, 0) : 3
(40, 3, -1, 0) : 1
(34, 3, -2, 0) : 3
(40, 3, 0, -1) : 8
(38, 3, 0, -1) : 3
(37, 3, -1, -2) : 2
(37, 3, 0, -3) : 5
(33, 3, -1, -2) : 2
(38, 3, -1, -1) : 1
(35, 3, -2, 0) : 1
(39, 3, 0, 0) : 1
(32, 3, -2, 0) : 1
(30, 3, -2, -4) : 1
(24, 3, -3, -4) : 1
(35, 3, -1, -2) : 2
(32, 3, -2, -1) : 2
(30, 3, -3, -2) : 1
(35, 3, -1, 0) : 2
(37, 3, -1, 0) : 15
(36, 3, -2, 0) : 7
(31, 3, -3, 0) : 3
(31, 3, -3, -1) : 1
(30, 3, -3, -2) : 1
(30, 3, -3, 0) : 1
(19, 3, -5, -8) : 2
(41, 3, 0, 0) : 25
(38, 3, 0, -2) : 8
(33, 3, -2, 0) : 3
(39, 3, 0, -1) : 12
(40, 3, 0, 0) : 10
(32, 3, -2, -1) : 1
(42, 3, 0, 0) : 9
(24, 3, -3, -3) : 1
(30, 3, -2, -4) : 2
(37, 3, 0, -2) : 1
(34, 3, -2, 0) : 5
(38, 3, 0, -3) : 2
(38, 3, -1, 0) : 3
(37, 3, 0, -4) : 2
(33, 3, -2, -1) : 4
(29, 3, -3, -1) : 1
(40, 3, 0, -1) : 6
(35, 3, 0, -6) : 2
(26, 3, -3, -6) : 3
(39, 3, -1, 0) : 4
(43, 3, 0, 0) : 4
(28, 3, -3, -2) : 1
(37, 3, 0, -3) : 1
(36, 3, -1, -1) : 2
(32, 3, -1, -6) : 4
(0, 0, -9, -11) : 1
(42, 3, 0, -1) : 1
(37, 3, -1, -2) : 1
(40, 3, -1, 0) : 1
(24, 3, -3, -5) : 1
(38, 3, 0, -4) : 1
(41, 3, 0, 0) : 29
(43, 3, 0, 0) : 7
(39, 3, -1, 0) : 5
(38, 3, -1, 0) : 6
(40, 3, 0, -1) : 7
(37, 3, -1, 0) : 14
(39, 3, 0, -1) : 11
(36, 3, -1, -1) : 4
(30, 3, -3, 0) : 2
(40, 3, 0, 0) : 6
(34, 3, -2, 0) : 5
(42, 3, 0, 0) : 9
(33, 3, -2, -1) : 3
(38, 3, 0, -2) : 2
(35, 3, -2, 0) : 1
(31, 3, -3, 0) : 3
(37, 3, 0, -3) : 2
(35, 3, -1, -2) : 1
(26, 3, -3, -6) : 1
(37, 3, -1, -1) : 3
(0, 0, -5, -10) : 1
(31, 3, -3, -1) : 1
(36, 3, -2, 0) : 4
(35, 3, -1, 0) : 1
(30, 3, -3, -2) : 1
(19, 3, -5, -8) : 1
(37, 3, -2, 0) : 1
(35, 3, 0, -5) : 1
(34, 3, -2, -1) : 1
(35, 3, -1, -1) : 1
(33, 3, -2, 0) : 1
(32, 3, -2, 0) : 1
(29, 3, -3, 0) : 1
(25, 3, -5, 0) : 1
(42, 3, 0, -1) : 1
(40, 3, -1, 0) : 1
(41, 3, 0, 0) : 15
(40, 3, 0, 0) : 3
(42, 3, 0, 0) : 15
(37, 3, -1, 0) : 2
(34, 3, -2, 0) : 6
(39, 3, 0, -1) : 6
(38, 3, 0, -2) : 2
(33, 3, -2, -1) : 6
(37, 3, 0, -2) : 1
(36, 3, -1, -1) : 1
(35, 3, -1, -2) : 2
(29, 3, -3, 0) : 1
(33, 3, -2, 0) : 2
(32, 3, -2, -1) : 2
(38, 3, -1, 0) : 8
(31, 3, -3, 0) : 2
(35, 3, -2, 0) : 4
(39, 3, 0, 0) : 1
(37, 3, -1, -2) : 2
(43, 3, 0, 0) : 4
(40, 3, -1, 0) : 2
(36, 3, -2, 0) : 4
(45, 4, 0, 0) : 1
(37, 3, -1, -1) : 3
(40, 3, 0, -1) : 3
(39, 3, -1, 0) : 1
(37, 3, -2, 0) : 1
(25, 3, -5, 0) : 2
(29, 3, -3, -1) : 3
(35, 3, -2, -1) : 1
(42, 3, 0, -1) : 2
(35, 3, -1, -1) : 1
(42, 3, 0, 0) : 2
(37, 3, 0, -3) : 4
(41, 3, 0, 0) : 14
(38, 3, 0, -2) : 4
(38, 3, -1, 0) : 2
(40, 3, 0, 0) : 5
(39, 3, 0, -1) : 20
(40, 3, 0, -1) : 9
(35, 3, -2, 0) : 1
(38, 3, -1, -1) : 2
(37, 3, -1, -1) : 5
(38, 3, 0, -1) : 1
(37, 3, 0, -2) : 4
(33, 3, -1, -2) : 1
(37, 3, -1, 0) : 4
(39, 3, 0, 0) : 1
(30, 3, -2, -4) : 1
(24, 3, -3, -3) : 1
(32, 3, -2, -1) : 2
(31, 3, -3, 0) : 2
(36, 3, -1, -1) : 2
(34, 3, -2, 0) : 1
(35, 3, -1, -1) : 3
(33, 3, -2, -1) : 3
(32, 3, -2, -2) : 1
(30, 3, -3, -2) : 1
(41, 3, 0, 0) : 12
(39, 3, 0, -1) : 15
(38, 3, -1, 0) : 2
(40, 3, 0, 0) : 21
(37, 3, 0, -3) : 5
(40, 3, 0, -1) : 5
(35, 3, -1, -2) : 1
(35, 3, -2, -2) : 2
(33, 3, -1, -3) : 1
(38, 3, 0, -2) : 11
(39, 3, 0, -2) : 2
(37, 3, 0, -2) : 7
(35, 3, 0, -4) : 6
(37, 3, -1, 0) : 6
(33, 3, -2, -1) : 2
(37, 3, 0, -4) : 1
(42, 3, 0, 0) : 2
(36, 3, -1, -1) : 3
(34, 3, -2, 0) : 1
(37, 3, -1, -1) : 2
(35, 3, 0, -6) : 1
(39, 3, 0, 0) : 1
(38, 3, 0, -1) : 1
(35, 3, 0, -5) : 1
(31, 3, -3, -1) : 1
(41, 3, 0, 0) : 6
(40, 3, 0, 0) : 13
(35, 3, -1, 0) : 1
(37, 3, 0, -2) : 8
(37, 3, -1, 0) : 7
(38, 3, 0, -3) : 1
(39, 3, 0, -1) : 14
(42, 3, 0, 0) : 1
(30, 3, -3, 0) : 1
(33, 3, -2, -1) : 2
(38, 3, 0, -2) : 5
(34, 3, -2, 0) : 1
(40, 3, 0, -1) : 2
(29, 3, -3, 0) : 2
(37, 3, -1, -2) : 1
(38, 3, 0, -1) : 2
(38, 3, -1, 0) : 2
(40, 3, -1, 0) : 1
(35, 3, -2, 0) : 1
(28, 3, -3, -2) : 1
(31, 3, -3, 0) : 1
(35, 3, 0, -5) : 2
(30, 3, -2, -4) : 1
(33, 3, -1, -3) : 1
(37, 3, 0, -3) : 1
(36, 3, -1, -1) : 2
(37, 3, -1, -1) : 1
(31, 3, -3, -1) : 1
(35, 3, -2, -2) : 1
(37, 3, -1, 0) : 7
(33, 3, -2, -1) : 2
(30, 3, -3, 0) : 1
(29, 3, -3, 0) : 1
(38, 3, -1, 0) : 2
(28, 3, -3, -2) : 1
(40, 3, -1, 0) : 1
(35, 3, -2, 0) : 1
(37, 3, 0, -2) : 8
(35, 3, -1, 0) : 1
(29, 3, -3, -1) : 1
(38, 3, 0, -2) : 5
(40, 3, 0, 0) : 13
(41, 3, 0, 0) : 6
(30, 3, -2, -4) : 1
(31, 3, -3, 0) : 1
(35, 3, 0, -5) : 2
(33, 3, -1, -3) : 1
(39, 3, 0, -1) : 14
(37, 3, 0, -3) : 1
(42, 3, 0, 0) : 1
(38, 3, 0, -3) : 1
(34, 3, -2, 0) : 1
(40, 3, 0, -1) : 2
(37, 3, -1, -1) : 2
(38, 3, 0, -1) : 2
(36, 3, -1, -1) : 2
(31, 3, -3, -1) : 1
(35, 3, -2, -1) : 1
(41, 3, 0, 0) : 10
(37, 3, -1, 0) : 6
(42, 3, 0, 0) : 6
(32, 3, -1, -6) : 2
(39, 3, -1, 0) : 2
(43, 3, 0, 0) : 2
(40, 3, 0, -1) : 2
(30, 3, -3, 0) : 1
(39, 3, 0, -1) : 4
(38, 3, 0, -3) : 2
(40, 3, 0, 0) : 2
(37, 3, -1, -1) : 1
(35, 3, -1, 0) : 1
(19, 3, -5, -7) : 1
(36, 3, -1, -1) : 1
(36, 3, -2, 0) : 2
(31, 3, -3, -1) : 1
(35, 3, -2, 0) : 1
(33, 3, -2, 0) : 1
(24, 3, -3, -2) : 1
(38, 3, -1, 0) : 1
(38, 3, 0, -2) : 1
(31, 3, -3, 0) : 1
(24, 3, -3, -4) : 1
(37, 3, -1, -2) : 1
(30, 3, -2, -4) : 1
(38, 3, 0, -4) : 1
(19, 3, -5, -8) : 1
(40, 3, -1, 0) : 1
(35, 3, -1, 0) : 1
(38, 3, 0, -2) : 2
(41, 3, 0, 0) : 9
(37, 3, -1, 0) : 6
(40, 3, 0, 0) : 1
(34, 3, -2, 0) : 3
(39, 3, 0, -1) : 4
(30, 3, -3, 0) : 1
(39, 3, -1, 0) : 2
(36, 3, -2, 0) : 1
(31, 3, -3, -1) : 1
(19, 3, -5, -7) : 1
(36, 3, -1, -1) : 2
(38, 3, -1, 0) : 5
(35, 3, -1, -2) : 1
(31, 3, -3, 0) : 2
(29, 3, -3, -1) : 2
(33, 3, -2, 0) : 1
(42, 3, 0, 0) : 1
(28, 3, -3, -2) : 1
(37, 3, -1, 0) : 5
(35, 3, -2, 0) : 1
(41, 3, 0, 0) : 7
(42, 3, 0, 0) : 1
(39, 3, 0, -1) : 5
(33, 3, -2, 0) : 1
(24, 3, -3, -4) : 1
(35, 3, -1, -2) : 2
(38, 3, -1, 0) : 5
(29, 3, -3, -1) : 1
(31, 3, -3, 0) : 1
(36, 3, -1, -1) : 1
(38, 3, 0, -2) : 2
(39, 3, 0, -2) : 1
(37, 3, 0, -2) : 1
(35, 3, -2, -2) : 1
(33, 3, -1, -3) : 1
(40, 3, 0, 0) : 4
(41, 3, 0, 0) : 8
(39, 3, -1, 0) : 1
(43, 3, 0, 0) : 2
(40, 3, 0, -1) : 2
(42, 3, 0, 0) : 5
(32, 3, -1, -6) : 2
(39, 3, 0, -1) : 2
(37, 3, -1, -1) : 2
(37, 3, -1, 0) : 3
(38, 3, 0, -3) : 2
(40, 3, 0, 0) : 2
(31, 3, -3, 0) : 1
(24, 3, -3, -3) : 1
(38, 3, -1, 0) : 1
(38, 3, 0, -2) : 1
(19, 3, -5, -8) : 1
(36, 3, -2, 0) : 1
(40, 3, -1, 0) : 1
(30, 3, -2, -4) : 1
(38, 3, 0, -4) : 1
(41, 3, 0, 0) : 9
(38, 3, 0, -2) : 2
(34, 3, -2, 0) : 3
(39, 3, 0, -1) : 4
(37, 3, -1, 0) : 3
(40, 3, 0, 0) : 1
(38, 3, -1, 0) : 2
(33, 3, -2, 0) : 1
(29, 3, -3, -1) : 1
(31, 3, -3, 0) : 1
(39, 3, -1, 0) : 1
(28, 3, -3, -2) : 1
(42, 3, 0, 0) : 1
(41, 3, 0, 0) : 5
(39, 3, 0, -1) : 3
(38, 3, -1, 0) : 2
(35, 3, -1, -2) : 1
(35, 3, -2, -2) : 1
(33, 3, -1, -3) : 1
(38, 3, 0, -2) : 2
(39, 3, 0, -2) : 1
(37, 3, 0, -2) : 1
(37, 3, -1, 0) : 2
(40, 3, 0, 0) : 4
(37, 3, -1, -1) : 1
(41, 3, 0, 0) : 1
(40, 3, 0, 0) : 2
(35, 3, -1, 0) : 1
(37, 3, 0, -2) : 2
(30, 3, -3, 0) : 1
(33, 3, -2, -1) : 2
(29, 3, -3, -1) : 1
(29, 3, -3, 0) : 1
(37, 3, -1, 0) : 1
(37, 3, -1, 0) : 1
(33, 3, -2, -1) : 2
(30, 3, -3, 0) : 1
(29, 3, -3, -1) : 2
(37, 3, 0, -2) : 2
(35, 3, -1, 0) : 1
(41, 3, 0, 0) : 1
(40, 3, 0, 0) : 2
(41, 3, 0, 0) : 1
(37, 3, -1, 0) : 1
(30, 3, -3, 0) : 1
(35, 3, -1, 0) : 1
(35, 3, -1, 0) : 1
(30, 3, -3, 0) : 1
(37, 3, -1, 0) : 1
(41, 3, 0, 0) : 1
