00001 00033 01042
00001 00033 02042
00001 00033 10003
00001 00033 10030
00001 00033 11004
00001 00033 11031
00001 00302 01311
00001 00302 02311
00001 00302 10004
00001 00302 10031
00001 00302 11005
00001 00302 11305
00001 00343 01302
00001 00343 01311
00001 00343 02033
00001 00343 02042
00001 00343 10003
00001 00343 10004
00001 00343 10012
00001 00343 10031
00001 00343 10105
00001 00343 10120
00001 00343 10143
00001 00343 10305
00001 00343 11004
00001 00343 11005
00001 00343 11031
00001 00343 11205
00001 01042 01302
00001 01042 01311
00001 01042 02033
00001 01042 02343
00001 01302 02033
00001 01302 02042
00001 01302 02311
00001 01302 02343
00001 01302 10004
00001 01302 10021
00001 01302 10111
00001 01302 10120
00001 01302 10305
00001 01302 11004
00001 01302 11105
00001 01302 12022
00001 01302 12305
00001 01311 02033
00001 01311 02042
00001 01343 02033
00001 01343 02311
00001 01343 10004
00001 01343 10031
00001 01343 11004
00001 01343 11205
00001 01343 12031
00001 01343 12105
00001 02033 02311
00001 02033 10004
00001 02033 10022
00001 02033 10143
00001 02033 10210
00001 02033 10242
00001 02033 11004
00001 02033 11205
00001 02033 12105
00001 02033 12205
00001 02042 02311
00001 02343 10004
00001 02343 10111
00001 02343 10120
00001 02343 11004
00001 02343 11031
00001 02343 12031
00001 10003 10031
00001 10003 11004
00001 10003 11031
00001 10003 11205
00001 10003 12105
00001 10004 10030
00001 10004 11005
00001 10004 11031
00001 10012 11031
00001 10022 10111
00001 10022 11105
00001 10022 12022
00001 10031 10105
00001 10031 11004
00001 10031 11005
00001 10111 11005
00001 10120 11005
00001 10210 11105
00001 10210 12022
00001 10242 12305
00001 11004 11305
00001 11005 11031
00001 12022 12105
00033 00302 01343
00033 00302 02343
00033 00302 10005
00033 00302 10102
00033 00302 10143
00033 00302 10305
00033 00311 01001
00033 00311 01042
00033 00311 02302
00033 00311 02343
00033 00311 10003
00033 00311 10004
00033 00311 10005
00033 00311 10013
00033 00311 10030
00033 00311 10102
00033 00311 10105
00033 00311 10143
00033 00311 11022
00033 00311 11031
00033 00311 11205
00033 00311 11305
00033 01001 01343
00033 01001 02042
00033 01001 02302
00033 01001 02311
00033 01001 02343
00033 01001 10004
00033 01001 10030
00033 01001 10111
00033 01001 10143
00033 01001 10205
00033 01001 11105
00033 01001 11205
00033 01001 12004
00033 01001 12022
00033 01042 01343
00033 01042 02302
00033 01042 02343
00033 01311 02042
00033 01311 02302
00033 01311 10003
00033 01311 10013
00033 01311 10022
00033 01311 10030
00033 01311 10143
00033 01311 10201
00033 01343 02302
00033 01343 02311
00033 02042 02302
00033 02042 02343
00033 02302 10013
00033 02302 10022
00033 02302 10030
00033 02302 10143
00033 02302 10210
00033 02302 11013
00033 02302 11305
00033 02302 12105
00033 02302 12305
00033 02311 10030
00033 02311 10102
00033 02311 10143
00033 02311 10201
00033 02311 11105
00033 02311 11205
00033 10003 10005
00033 10003 10143
00033 10003 11022
00033 10003 11031
00033 10005 10013
00033 10005 10022
00033 10005 10102
00033 10005 10143
00033 10022 10111
00033 10030 10102
00033 10030 10305
00033 10030 11031
00033 10102 10105
00033 10102 11031
00033 10111 10210
00033 10111 12105
00033 10143 11004
00033 10210 11105
00033 10210 12022
00033 11031 11105
00033 11031 11205
00033 12004 12305
00033 12022 12105
00042 00302 01033
00042 00302 01343
00042 00302 02001
00042 00302 02311
00042 00302 10005
00042 00302 10012
00042 00302 10013
00042 00302 10030
00042 00302 10031
00042 00302 10102
00042 00302 10120
00042 00302 10305
00042 00302 11004
00042 00302 11005
00042 00302 11022
00042 00302 11305
00042 00311 01001
00042 00311 02001
00042 00311 10003
00042 00311 10030
00042 00311 11005
00042 00311 11305
00042 00343 01033
00042 00343 02033
00042 00343 10005
00042 00343 10305
00042 00343 11004
00042 00343 11031
00042 01001 01033
00042 01001 01343
00042 01001 02302
00042 01001 02311
00042 01033 02001
00042 01033 02311
00042 01302 02033
00042 01302 02311
00042 01302 10005
00042 01302 10305
00042 01302 11005
00042 01302 11022
00042 01302 12013
00042 01302 12305
00042 01343 02001
00042 01343 02033
00042 01343 02302
00042 01343 02311
00042 01343 10005
00042 01343 10012
00042 01343 10031
00042 01343 10210
00042 01343 10233
00042 01343 11005
00042 01343 11013
00042 01343 12031
00042 01343 12205
00042 02001 02033
00042 02033 02311
00042 02302 10005
00042 02302 10012
00042 02302 10233
00042 02302 11005
00042 02302 11305
00042 02302 12305
00042 02311 10005
00042 02311 10021
00042 02311 10102
00042 02311 10201
00042 02311 10205
00042 02311 11005
00042 02311 11022
00042 02311 12013
00042 02311 12022
00042 10003 10005
00042 10005 11004
00042 10005 11305
00042 10012 11004
00042 10013 10305
00042 10021 11013
00042 10021 12205
00042 10030 10305
00042 10030 11005
00042 10030 11022
00042 10030 11305
00042 10030 12013
00042 10120 11305
00042 10201 12031
00042 10205 10233
00042 10205 11013
00042 10205 12205
00042 10233 11004
00042 10305 11004
00042 10305 11005
00042 11004 11305
00042 11005 11031
00042 12013 12205
00302 01033 01311
00302 01033 02001
00302 01033 02042
00302 01033 02311
00302 01033 02343
00302 01033 10013
00302 01033 10030
00302 01033 10111
00302 01033 10242
00302 01033 10305
00302 01033 11105
00302 01033 11305
00302 01033 12013
00302 01033 12022
00302 01042 02001
00302 01042 02343
00302 01042 10005
00302 01042 10120
00302 01042 10210
00302 01042 10305
00302 01042 11305
00302 01042 12005
00302 01311 01343
00302 01311 02001
00302 01311 02042
00302 01343 02001
00302 01343 02311
00302 02001 02343
00302 02001 10022
00302 02001 10120
00302 02001 10210
00302 02001 10233
00302 02001 10305
00302 02001 11004
00302 02001 11305
00302 02001 12004
00302 02001 12105
00302 02042 10013
00302 02042 10305
00302 02042 11005
00302 02042 11305
00302 02042 12005
00302 02042 12022
00302 02311 02343
00302 10004 10305
00302 10005 10012
00302 10005 10031
00302 10005 10102
00302 10005 11305
00302 10013 10102
00302 10022 10111
00302 10022 11105
00302 10031 10120
00302 10031 10210
00302 10031 11005
00302 10031 11305
00302 10102 10305
00302 10102 11005
00302 10102 12022
00302 10111 12105
00302 10143 11305
00302 10210 11105
00302 10242 12004
00302 10305 11005
00302 11005 11022
00302 11105 12105
00302 12022 12105
00311 00343 01302
00311 00343 02302
00311 00343 10004
00311 00343 10031
00311 00343 10102
00311 00343 10143
00311 01001 01302
00311 01001 02302
00311 01001 02343
00311 01033 02001
00311 01033 02343
00311 01033 10003
00311 01033 10030
00311 01033 10102
00311 01033 10105
00311 01033 10205
00311 01033 10242
00311 01042 01302
00311 01042 02001
00311 01042 02033
00311 01042 02302
00311 01042 02343
00311 01042 10003
00311 01042 10005
00311 01042 10022
00311 01042 10102
00311 01042 10233
00311 01042 11013
00311 01042 11022
00311 01042 12005
00311 01042 12205
00311 01302 02033
00311 01302 02343
00311 02001 02302
00311 02001 02343
00311 02033 10003
00311 02033 10102
00311 02033 10143
00311 02033 10242
00311 02033 11013
00311 02033 11022
00311 02343 10003
00311 02343 10021
00311 02343 10102
00311 02343 10105
00311 02343 10205
00311 02343 11031
00311 02343 11105
00311 02343 12013
00311 02343 12031
00311 10003 10031
00311 10003 10143
00311 10003 11305
00311 10004 10030
00311 10004 10102
00311 10004 10105
00311 10004 10143
00311 10004 10205
00311 10013 10143
00311 10021 10233
00311 10021 11013
00311 10021 12205
00311 10030 10102
00311 10030 11205
00311 10030 11305
00311 10102 11005
00311 10143 11305
00311 10205 10233
00311 10233 12013
00311 11013 11305
00311 11022 11305
00311 12005 12031
00311 12013 12205
00343 01001 02042
00343 01001 02302
00343 01001 10004
00343 01001 10012
00343 01001 10021
00343 01001 10031
00343 01001 11031
00343 01001 12004
00343 01033 01302
00343 01033 01311
00343 01033 02001
00343 01033 02042
00343 01302 02033
00343 01302 02042
00343 01311 02001
00343 01311 02033
00343 01311 02042
00343 01311 02302
00343 01311 10003
00343 01311 10031
00343 01311 10105
00343 01311 10201
00343 01311 10233
00343 01311 11013
00343 01311 11031
00343 01311 12105
00343 01311 12205
00343 02001 10031
00343 02001 10105
00343 02001 11004
00343 02001 11031
00343 02001 12004
00343 02001 12205
00343 02033 02302
00343 02042 02302
00343 02042 10012
00343 02042 10021
00343 02042 10031
00343 02042 10111
00343 02042 10205
00343 02042 11005
00343 02042 11031
00343 02042 12005
00343 02042 12013
00343 10004 10120
00343 10004 10143
00343 10004 10305
00343 10004 11031
00343 10005 10031
00343 10012 10305
00343 10021 10305
00343 10021 11013
00343 10031 10143
00343 10031 11004
00343 10102 11031
00343 10105 10143
00343 10143 11004
00343 10143 12205
00343 10201 12005
00343 10205 10233
00343 10205 11013
00343 10233 12013
00343 10305 11004
00343 10305 11031
00343 11004 11205
00343 11013 12013
00343 12013 12205
01001 01033 02042
01001 01033 10004
01001 01033 10031
01001 01033 10201
01001 01033 10242
01001 01302 02311
01001 01302 10005
01001 01302 10305
01001 01302 12004
01001 01302 12031
01001 01343 02302
01001 01343 02311
01001 01343 10004
01001 01343 10005
01001 01343 10021
01001 01343 10030
01001 01343 10031
01001 01343 10201
01001 01343 10205
01001 01343 10210
01001 01343 12004
01001 01343 12031
01001 01343 12105
01001 01343 12305
01001 02042 02302
01001 02042 02311
01001 02302 10004
01001 02302 10012
01001 02302 10021
01001 02302 10105
01001 02302 10233
01001 02302 11022
01001 02302 11305
01001 02302 12004
01001 02302 12305
01001 02343 10004
01001 02343 10205
01001 02343 11031
01001 02343 11105
01001 02343 12004
01001 02343 12031
01001 10004 10201
01001 10004 10305
01001 10004 12031
01001 10005 10012
01001 10005 10021
01001 10005 10031
01001 10005 12004
01001 10005 12031
01001 10012 12022
01001 10031 10201
01001 10031 10210
01001 10031 12004
01001 10105 10111
01001 10105 12022
01001 10111 11022
01001 10143 11305
01001 10201 10205
01001 10201 11105
01001 10201 12031
01001 10242 12004
01001 11022 11105
01001 11022 12022
01001 12031 12105
01033 01302 02343
01033 01302 10003
01033 01302 10030
01033 01302 12005
01033 01302 12305
01033 01311 02001
01033 01311 02042
01033 01311 10003
01033 01311 10022
01033 01311 10030
01033 01311 10031
01033 01311 10201
01033 01311 10205
01033 01311 10242
01033 01311 10305
01033 01311 12004
01033 01311 12005
01033 01311 12013
01033 01311 12105
01033 02001 02343
01033 02001 10012
01033 02001 10030
01033 02001 10105
01033 02001 10205
01033 02001 10242
01033 02001 11004
01033 02001 11022
01033 02001 12004
01033 02001 12205
01033 02042 02343
01033 02311 10030
01033 02311 10102
01033 02311 10201
01033 02311 10242
01033 02311 12013
01033 02311 12022
01033 10003 10031
01033 10003 10242
01033 10003 12005
01033 10003 12105
01033 10004 10030
01033 10012 10111
01033 10012 11105
01033 10012 12022
01033 10022 10201
01033 10030 10201
01033 10030 12005
01033 10031 10105
01033 10031 10201
01033 10031 10205
01033 10031 10242
01033 10105 10111
01033 10111 11022
01033 10201 12005
01033 10242 12305
01033 11004 11305
01033 11022 11105
01033 12005 12013
01033 12005 12022
01042 01302 02033
01042 01302 02343
01042 01302 10003
01042 01302 10004
01042 01302 10005
01042 01302 10021
01042 01302 10022
01042 01302 10210
01042 01302 10242
01042 01302 10305
01042 01302 12005
01042 01302 12013
01042 01302 12031
01042 01302 12305
01042 01311 02001
01042 01311 10005
01042 01311 10201
01042 01311 10242
01042 01311 10305
01042 01343 02033
01042 01343 10004
01042 01343 10031
01042 01343 12005
01042 01343 12305
01042 02001 02033
01042 02001 02343
01042 02302 10005
01042 02302 10022
01042 02302 11013
01042 02302 11305
01042 02302 12005
01042 02302 12305
01042 02343 10005
01042 02343 10013
01042 02343 10111
01042 02343 10120
01042 02343 10210
01042 02343 11031
01042 02343 11205
01042 02343 12005
01042 02343 12031
01042 10004 10120
01042 10004 10210
01042 10004 10305
01042 10004 12005
01042 10004 12305
01042 10005 10031
01042 10005 10242
01042 10005 12305
01042 10013 10233
01042 10013 12205
01042 10021 10305
01042 10022 10242
01042 10102 11031
01042 10120 12205
01042 10201 12005
01042 10233 11205
01042 10242 10305
01042 10242 11013
01042 10242 12305
01042 10305 12005
01042 11013 11205
01042 11205 12205
01042 12013 12305
01302 02033 02311
01302 02033 10012
01302 02033 10105
01302 02033 10143
01302 02033 10242
01302 02033 10305
01302 02033 11013
01302 02033 11022
01302 02033 12013
01302 02033 12305
01302 02042 10021
01302 02042 10111
01302 02042 10305
01302 02042 11005
01302 02042 12005
01302 02042 12305
01302 02311 02343
01302 10003 10005
01302 10003 11022
01302 10003 12005
01302 10003 12013
01302 10003 12305
01302 10005 10022
01302 10005 12031
01302 10005 12305
01302 10012 11105
01302 10012 12022
01302 10021 12031
01302 10030 10305
01302 10105 10111
01302 10105 11105
01302 10105 12022
01302 10111 12031
01302 10143 11004
01302 10210 12005
01302 10305 12005
01302 10305 12031
01302 11022 11105
01302 12004 12305
01302 12005 12031
01311 01343 02302
01311 01343 10003
01311 01343 10030
01311 01343 12004
01311 01343 12031
01311 02001 02302
01311 02033 10003
01311 02033 10143
01311 02033 10201
01311 02033 10242
01311 02033 12105
01311 02033 12205
01311 02042 02302
01311 02042 10003
01311 02042 10013
01311 02042 10022
01311 02042 10120
01311 02042 10201
01311 02042 11005
01311 02042 11205
01311 02042 12005
01311 02042 12022
01311 10003 10005
01311 10003 10242
01311 10003 12004
01311 10013 10233
01311 10013 10305
01311 10022 10305
01311 10030 10201
01311 10030 10305
01311 10030 12004
01311 10030 12013
01311 10120 10233
01311 10120 11013
01311 10120 12205
01311 10201 10305
01311 10201 12031
01311 10205 10242
01311 10233 11205
01311 10242 10305
01311 10242 12004
01311 11005 11031
01311 11013 11205
01311 12004 12105
01311 12004 12205
01343 02001 10031
01343 02001 10210
01343 02001 10233
01343 02001 11004
01343 02001 12004
01343 02001 12031
01343 02033 02302
01343 02033 02311
01343 02311 10013
01343 02311 10031
01343 02311 10102
01343 02311 10120
01343 02311 10201
01343 02311 11105
01343 02311 11205
01343 02311 12031
01343 02311 12105
01343 10003 10031
01343 10004 10030
01343 10004 10205
01343 10004 12031
01343 10004 12305
01343 10013 10233
01343 10013 11013
01343 10013 12205
01343 10021 12004
01343 10030 11205
01343 10030 12004
01343 10030 12031
01343 10030 12105
01343 10031 12004
01343 10031 12305
01343 10102 11005
01343 10120 11013
01343 10120 12205
01343 10210 12305
01343 10233 12305
01343 11013 11205
01343 12004 12305
01343 12005 12031
02001 02033 10102
02001 02033 10143
02001 02033 12004
02001 02033 12031
02001 02302 11004
02001 02302 11031
02001 02302 12005
02001 02302 12305
02001 02343 10102
02001 02343 10111
02001 02343 10233
02001 02343 10242
02001 02343 11004
02001 02343 11031
02001 02343 11105
02001 02343 11305
02001 02343 12004
02001 02343 12005
02001 02343 12031
02001 02343 12205
02001 10012 10022
02001 10012 12105
02001 10022 10105
02001 10022 11022
02001 10030 10305
02001 10102 10105
02001 10102 11031
02001 10102 12004
02001 10102 12031
02001 10102 12205
02001 10111 12031
02001 10143 11004
02001 10210 11022
02001 10210 12005
02001 10233 12005
02001 11004 12005
02001 11004 12031
02001 11022 12105
02001 11031 11105
02001 11031 12004
02001 11031 12005
02001 12004 12305
02001 12005 12031
02033 02302 10201
02033 02302 10242
02033 02302 11005
02033 02302 11305
02033 02311 10102
02033 02311 10143
02033 02311 10201
02033 02311 10242
02033 02311 11004
02033 02311 11005
02033 02311 11013
02033 02311 11105
02033 02311 12022
02033 02311 12031
02033 02311 12205
02033 02311 12305
02033 10004 10305
02033 10012 10022
02033 10012 10210
02033 10012 12105
02033 10022 10105
02033 10102 10242
02033 10102 11005
02033 10102 12022
02033 10102 12031
02033 10105 10210
02033 10143 10201
02033 10143 11305
02033 10143 12031
02033 10201 11005
02033 10201 11105
02033 10201 12031
02033 10210 11022
02033 10242 11005
02033 10242 12004
02033 11005 11013
02033 11005 11022
02033 12031 12105
02033 12031 12205
02042 02302 10111
02042 02302 10143
02042 02302 10201
02042 02302 10233
02042 02302 11005
02042 02302 11013
02042 02302 11031
02042 02302 11305
02042 02302 12004
02042 02302 12005
02042 02302 12022
02042 02302 12305
02042 02311 10102
02042 02311 10143
02042 02311 12005
02042 02311 12305
02042 02343 11005
02042 02343 11305
02042 02343 12004
02042 02343 12031
02042 10003 10031
02042 10013 10143
02042 10013 10205
02042 10021 11205
02042 10021 12004
02042 10102 11005
02042 10111 12004
02042 10120 10205
02042 10120 12013
02042 10143 11305
02042 10143 12005
02042 10143 12022
02042 10143 12305
02042 10205 11205
02042 10233 12305
02042 11005 12004
02042 11005 12305
02042 11013 11305
02042 11205 12013
02042 11305 12004
02042 11305 12005
02042 12004 12305
02042 12005 12031
02302 10004 10030
02302 10012 11031
02302 10012 12105
02302 10022 10105
02302 10022 10201
02302 10105 10210
02302 10105 12105
02302 10111 11005
02302 10201 11005
02302 10201 11013
02302 10201 11305
02302 10201 12005
02302 10210 11022
02302 10233 11031
02302 10242 12305
02302 11004 11305
02302 11005 11031
02302 11005 12305
02302 11022 12105
02302 11031 12005
02302 11031 12305
02302 11305 12005
02302 12005 12022
02311 02343 10201
02311 02343 10242
02311 02343 11004
02311 02343 11031
02311 10005 10031
02311 10013 10021
02311 10013 10205
02311 10021 10120
02311 10021 11205
02311 10102 10242
02311 10102 11031
02311 10102 12305
02311 10120 10205
02311 10120 12013
02311 10143 10201
02311 10143 11004
02311 10143 12205
02311 10143 12305
02311 10201 11004
02311 10201 12005
02311 10242 11004
02311 10242 11013
02311 10242 12305
02311 11004 11105
02311 11004 11205
02311 12013 12305
02311 12022 12305
02343 10003 10005
02343 10013 10021
02343 10013 10205
02343 10013 12013
02343 10021 11205
02343 10111 11305
02343 10120 11305
02343 10120 12013
02343 10201 12031
02343 10205 10242
02343 10233 11004
02343 10242 11004
02343 10242 11031
02343 10242 11105
02343 10242 12004
02343 11004 11305
02343 11004 12031
02343 11005 11031
02343 11031 12004
02343 11205 12013
02343 11305 12004
02343 11305 12031
02343 12004 12205
10003 10022 12013
10003 10105 11205
10004 10021 10210
10004 10105 11205
10005 10013 11022
10005 10021 10210
10012 10022 10111
10012 10022 11105
10012 10022 12022
10012 10031 10120
10012 10111 12105
10012 10120 10305
10012 10120 11004
10012 10120 11005
10012 10210 11105
10012 10210 12022
10012 11105 12105
10012 12022 12105
10013 10021 10233
10013 10021 11013
10013 10021 12205
10013 10030 11022
10013 10102 11022
10013 10205 10233
10013 10205 11013
10013 10205 12205
10013 10233 12013
10013 11022 11305
10013 12013 12205
10021 10120 11013
10021 10120 12205
10021 10210 12031
10021 10210 12305
10021 10233 11205
10021 11013 11205
10021 11205 12205
10022 10105 10111
10022 10105 11105
10022 10105 12022
10022 10111 11022
10022 10242 12013
10022 10305 12013
10022 11022 11105
10022 12005 12013
10030 10205 12105
10031 10205 12105
10102 11105 12205
10105 10111 10210
10105 10111 12105
10105 10143 11205
10105 10210 11105
10105 10210 12022
10105 11031 11205
10105 12022 12105
10111 10210 11022
10111 10233 11031
10111 10233 11305
10111 10233 12004
10111 10233 12005
10111 11022 12105
10120 10205 10233
10120 10205 11013
10120 10205 12205
10120 10233 12013
10120 11013 12013
10120 12013 12205
10143 11013 12022
10201 10205 12105
10201 11013 12022
10205 10233 11205
10205 11013 11205
10205 12004 12105
10210 11022 11105
10210 11022 12022
10233 11205 12013
10242 11105 12205
11004 11105 12205
11005 11013 12022
11013 11205 12013
11013 12022 12305
11022 11105 12105
11022 12022 12105
11105 12031 12205
11205 12013 12205
