(596, 3, 0, 0) : 3
(596, 4, 0, 0) : 1
(597, 3, -1, 0) : 1
(597, 3, 0, 0) : 4
(597, 4, 0, 0) : 1
(598, 2, 0, 0) : 3
(598, 3, 0, 0) : 20
(598, 4, 0, 0) : 14
(599, 2, 0, 0) : 6
(599, 3, 0, 0) : 103
(599, 4, 0, 0) : 30
(600, 2, 0, 0) : 7
(600, 3, 0, 0) : 198
(600, 4, 0, 0) : 67
(601, 2, 0, 0) : 30
(601, 3, 0, 0) : 387
(601, 4, 0, 0) : 152
(602, 2, 0, 0) : 22
(602, 3, -1, 0) : 1
(602, 3, 0, 0) : 584
(602, 4, -1, 0) : 1
(602, 4, 0, 0) : 297
(603, 2, 0, -1) : 11
(603, 2, 0, 0) : 47
(603, 3, 0, 0) : 2081
(603, 4, -1, 0) : 1
(603, 4, 0, 0) : 1836
(604, 2, 0, -1) : 9
(604, 2, 0, 0) : 64
(604, 3, -1, 0) : 1
(604, 3, 0, 0) : 3000
(604, 4, 0, 0) : 3156
(605, 2, 0, -1) : 5
(605, 2, 0, 0) : 65
(605, 3, 0, 0) : 3656
(605, 4, -1, 0) : 3
(605, 4, 0, 0) : 4021
(606, 2, 0, -2) : 1
(606, 2, 0, -1) : 11
(606, 2, 0, 0) : 83
(606, 3, 0, 0) : 5557
(606, 4, -1, 0) : 1
(606, 4, 0, 0) : 5804
(607, 2, 0, -2) : 1
(607, 2, 0, -1) : 20
(607, 2, 0, 0) : 175
(607, 3, 0, 0) : 11068
(607, 4, 0, 0) : 24765
(608, 2, 0, -2) : 2
(608, 2, 0, -1) : 18
(608, 2, 0, 0) : 163
(608, 3, 0, 0) : 17153
(608, 4, 0, 0) : 47314
(609, 2, 0, -1) : 3
(609, 2, 0, 0) : 147
(609, 3, 0, 0) : 12632
(609, 4, 0, 0) : 32940
(610, 2, 0, 0) : 76
(610, 3, 0, 0) : 3937
(610, 4, 0, 0) : 7984
(611, 2, 0, 0) : 5
(611, 3, 0, 0) : 347
(611, 4, 0, 0) : 628
(612, 3, 0, 0) : 11
(612, 4, 0, 0) : 16
=== 0: 190750 | @ 1m14s.58
(594, 3, -1, 0) : 1
(595, 3, 0, 0) : 4
(596, 2, -1, 0) : 1
(596, 2, 0, 0) : 2
(596, 3, -1, 0) : 1
(596, 3, 0, 0) : 10
(596, 4, 0, 0) : 2
(597, 2, 0, 0) : 3
(597, 3, -1, 0) : 1
(597, 3, 0, 0) : 15
(597, 4, 0, 0) : 14
(598, 2, 0, 0) : 11
(598, 3, 0, 0) : 78
(598, 4, 0, 0) : 19
(599, 2, 0, 0) : 12
(599, 3, -1, 0) : 1
(599, 3, 0, 0) : 170
(599, 4, -1, 0) : 1
(599, 4, 0, 0) : 33
(600, 2, 0, 0) : 25
(600, 3, 0, 0) : 320
(600, 4, 0, 0) : 131
(601, 2, 0, -2) : 1
(601, 2, 0, 0) : 26
(601, 3, -1, 0) : 3
(601, 3, 0, 0) : 537
(601, 4, 0, 0) : 248
(602, 2, 0, -1) : 7
(602, 2, 0, 0) : 33
(602, 3, -1, 0) : 1
(602, 3, 0, 0) : 1536
(602, 4, -1, 0) : 1
(602, 4, 0, 0) : 1745
(603, 2, 0, -3) : 1
(603, 2, 0, -1) : 6
(603, 2, 0, 0) : 60
(603, 3, -1, 0) : 1
(603, 3, 0, 0) : 3386
(603, 4, 0, 0) : 2245
(604, 2, 0, -3) : 2
(604, 2, 0, -2) : 3
(604, 2, 0, -1) : 10
(604, 2, 0, 0) : 92
(604, 3, -1, 0) : 1
(604, 3, 0, 0) : 4243
(604, 4, 0, 0) : 2692
(605, 2, 0, -3) : 1
(605, 2, 0, -2) : 3
(605, 2, 0, -1) : 11
(605, 2, 0, 0) : 79
(605, 3, -1, 0) : 1
(605, 3, 0, 0) : 5700
(605, 4, 0, 0) : 5786
(606, 2, 0, -2) : 2
(606, 2, 0, -1) : 26
(606, 2, 0, 0) : 194
(606, 3, 0, 0) : 13066
(606, 4, 0, 0) : 23489
(607, 2, 0, -2) : 2
(607, 2, 0, -1) : 29
(607, 2, 0, 0) : 202
(607, 3, 0, 0) : 21043
(607, 4, 0, 0) : 44002
(608, 2, 0, -1) : 4
(608, 2, 0, 0) : 194
(608, 3, 0, 0) : 15675
(608, 4, 0, 0) : 30323
(609, 2, 0, 0) : 104
(609, 3, 0, 0) : 4739
(609, 4, 0, 0) : 6820
(610, 2, 0, 0) : 7
(610, 3, 0, 0) : 389
(610, 4, 0, 0) : 484
(611, 3, 0, 0) : 15
(611, 4, 0, 0) : 14
=== 1: 190139 | @ 2m30s.24
(593, 3, 0, 0) : 2
(594, 2, 0, 0) : 1
(594, 3, -1, 0) : 1
(594, 3, 0, 0) : 1
(595, 2, -1, 0) : 2
(595, 2, 0, 0) : 3
(595, 3, -1, 0) : 3
(595, 3, 0, 0) : 3
(595, 4, 0, 0) : 1
(596, 2, 0, -1) : 1
(596, 2, 0, 0) : 4
(596, 3, -1, 0) : 3
(596, 3, 0, 0) : 19
(596, 4, -1, 0) : 2
(596, 4, 0, 0) : 4
(597, 2, 0, 0) : 9
(597, 3, -1, 0) : 3
(597, 3, 0, 0) : 29
(597, 4, -1, 0) : 3
(597, 4, 0, 0) : 4
(598, 2, 0, -1) : 2
(598, 2, 0, 0) : 24
(598, 3, -1, 0) : 4
(598, 3, 0, 0) : 86
(598, 4, 0, 0) : 17
(599, 2, -1, 0) : 1
(599, 2, 0, -3) : 1
(599, 2, 0, 0) : 27
(599, 3, -1, 0) : 3
(599, 3, 0, 0) : 163
(599, 4, 0, 0) : 48
(600, 2, 0, -2) : 1
(600, 2, 0, 0) : 73
(600, 3, -1, 0) : 5
(600, 3, 0, 0) : 381
(600, 4, 0, 0) : 157
(601, 2, 0, -1) : 3
(601, 2, 0, 0) : 104
(601, 3, -1, 0) : 9
(601, 3, 0, 0) : 805
(601, 4, -1, 0) : 1
(601, 4, 0, 0) : 547
(602, 2, 0, -4) : 1
(602, 2, 0, -2) : 1
(602, 2, 0, -1) : 6
(602, 2, 0, 0) : 318
(602, 3, -1, 0) : 1
(602, 3, 0, 0) : 2407
(602, 4, 0, 0) : 1576
(603, 2, 0, -2) : 2
(603, 2, 0, -1) : 10
(603, 2, 0, 0) : 376
(603, 3, -1, 0) : 2
(603, 3, 0, 0) : 3117
(603, 4, 0, 0) : 1676
(604, 2, 0, -2) : 3
(604, 2, 0, -1) : 14
(604, 2, 0, 0) : 401
(604, 3, -1, 0) : 2
(604, 3, 0, 0) : 3686
(604, 4, 0, 0) : 3793
(605, 2, 0, -2) : 8
(605, 2, 0, -1) : 13
(605, 2, 0, 0) : 735
(605, 3, 0, 0) : 4650
(605, 4, 0, 0) : 6121
(606, 2, 0, -2) : 5
(606, 2, 0, -1) : 38
(606, 2, 0, 0) : 714
(606, 3, 0, 0) : 11599
(606, 4, 0, 0) : 23132
(607, 2, 0, -2) : 3
(607, 2, 0, -1) : 24
(607, 2, 0, 0) : 291
(607, 3, 0, 0) : 21671
(607, 4, 0, 0) : 41861
(608, 2, 0, -1) : 3
(608, 2, 0, 0) : 209
(608, 3, 0, 0) : 16413
(608, 4, 0, 0) : 28359
(609, 2, 0, 0) : 106
(609, 3, 0, 0) : 4952
(609, 4, 0, 0) : 6991
(610, 2, 0, 0) : 6
(610, 3, 0, 0) : 441
(610, 4, 0, 0) : 578
(611, 3, 0, 0) : 12
(611, 4, 0, 0) : 18
=== 2: 188905 | @ 3m44s.867
(594, 4, 0, 0) : 2
(595, 4, 0, 0) : 2
(596, 3, 0, 0) : 6
(596, 4, 0, 0) : 4
(597, 2, 0, 0) : 2
(597, 3, 0, 0) : 11
(597, 4, 0, 0) : 4
(598, 2, 0, 0) : 6
(598, 3, 0, 0) : 64
(598, 4, 0, 0) : 15
(599, 2, 0, 0) : 5
(599, 3, 0, 0) : 172
(599, 4, 0, 0) : 42
(600, 2, 0, 0) : 10
(600, 3, 0, 0) : 228
(600, 4, 0, 0) : 58
(601, 2, 0, 0) : 38
(601, 3, 0, 0) : 490
(601, 4, 0, 0) : 176
(602, 2, 0, 0) : 32
(602, 3, -1, 0) : 2
(602, 3, 0, 0) : 1129
(602, 4, 0, 0) : 704
(603, 2, 0, -1) : 4
(603, 2, 0, 0) : 68
(603, 3, 0, 0) : 3204
(603, 4, 0, 0) : 2347
(604, 2, 0, -1) : 4
(604, 2, 0, 0) : 62
(604, 3, -1, 0) : 2
(604, 3, 0, 0) : 3340
(604, 4, 0, 0) : 3023
(605, 2, 0, -1) : 4
(605, 2, 0, 0) : 54
(605, 3, 0, 0) : 3236
(605, 4, -1, 0) : 2
(605, 4, 0, 0) : 3004
(606, 2, 0, -2) : 2
(606, 2, 0, -1) : 6
(606, 2, 0, 0) : 52
(606, 3, 0, 0) : 5076
(606, 4, 0, 0) : 5623
(607, 2, 0, -1) : 26
(607, 2, 0, 0) : 170
(607, 3, 0, 0) : 9903
(607, 4, 0, 0) : 25804
(608, 2, 0, -2) : 2
(608, 2, 0, -1) : 14
(608, 2, 0, 0) : 150
(608, 3, 0, 0) : 16554
(608, 4, 0, 0) : 46676
(609, 2, 0, -1) : 4
(609, 2, 0, 0) : 150
(609, 3, 0, 0) : 12820
(609, 4, 0, 0) : 31801
(610, 2, 0, 0) : 82
(610, 3, 0, 0) : 4046
(610, 4, 0, 0) : 7942
(611, 2, 0, 0) : 4
(611, 3, 0, 0) : 361
(611, 4, 0, 0) : 663
(612, 3, 0, 0) : 8
(612, 4, 0, 0) : 18
=== 3: 189513 | @ 4m59s.748
(592, 3, 0, 0) : 1
(592, 4, 0, 0) : 4
(593, 3, 0, 0) : 2
(594, 3, 0, 0) : 16
(594, 4, 0, 0) : 2
(595, 3, 0, 0) : 10
(595, 4, 0, 0) : 2
(596, 2, 0, 0) : 4
(596, 3, 0, 0) : 46
(596, 4, 0, 0) : 22
(597, 3, 0, 0) : 44
(597, 4, 0, 0) : 36
(598, 2, 0, 0) : 10
(598, 3, 0, 0) : 138
(598, 4, 0, 0) : 90
(599, 2, 0, 0) : 4
(599, 3, -1, 0) : 2
(599, 3, 0, 0) : 331
(599, 4, 0, 0) : 276
(600, 2, 0, -1) : 2
(600, 2, 0, 0) : 20
(600, 3, 0, 0) : 1080
(600, 4, 0, 0) : 1378
(601, 2, 0, -1) : 2
(601, 2, 0, 0) : 20
(601, 3, -1, 0) : 2
(601, 3, 0, 0) : 1401
(601, 4, 0, 0) : 2262
(602, 2, 0, 0) : 21
(602, 3, -1, 0) : 2
(602, 3, 0, 0) : 1513
(602, 4, 0, 0) : 3341
(603, 2, 0, -2) : 2
(603, 2, 0, -1) : 2
(603, 2, 0, 0) : 32
(603, 3, 0, 0) : 2926
(603, 4, 0, 0) : 6616
(604, 2, 0, -1) : 22
(604, 2, 0, 0) : 152
(604, 3, 0, 0) : 9342
(604, 4, 0, 0) : 26438
(605, 2, 0, -2) : 2
(605, 2, 0, -1) : 14
(605, 2, 0, 0) : 194
(605, 3, 0, 0) : 17314
(605, 4, 0, 0) : 49759
(606, 2, 0, -1) : 2
(606, 2, 0, 0) : 186
(606, 3, 0, 0) : 13625
(606, 4, 0, 0) : 34574
(607, 2, 0, 0) : 120
(607, 3, 0, 0) : 4558
(607, 4, 0, 0) : 7553
(608, 2, 0, 0) : 10
(608, 3, 0, 0) : 418
(608, 4, 0, 0) : 521
(609, 3, 0, 0) : 10
(609, 4, 0, 0) : 16
=== 4: 186492 | @ 6m8s.644
(594, 3, 0, 0) : 1
(594, 4, 0, 0) : 1
(595, 3, 0, 0) : 1
(595, 4, 0, 0) : 2
(596, 2, 0, 0) : 1
(596, 3, 0, 0) : 9
(596, 4, 0, 0) : 2
(597, 2, 0, 0) : 4
(597, 3, 0, 0) : 18
(597, 4, 0, 0) : 4
(598, 2, 0, 0) : 6
(598, 3, 0, 0) : 90
(598, 4, 0, 0) : 13
(599, 2, 0, 0) : 16
(599, 3, -1, 0) : 2
(599, 3, 0, 0) : 176
(599, 4, 0, 0) : 33
(600, 2, 0, 0) : 29
(600, 3, -1, 0) : 1
(600, 3, 0, 0) : 430
(600, 4, 0, 0) : 239
(601, 2, 0, 0) : 38
(601, 3, -1, 0) : 2
(601, 3, 0, 0) : 692
(601, 4, 0, 0) : 402
(602, 2, 0, -2) : 1
(602, 2, 0, -1) : 5
(602, 2, 0, 0) : 73
(602, 3, 0, 0) : 2187
(602, 4, 0, 0) : 952
(603, 2, 0, -1) : 9
(603, 2, 0, 0) : 89
(603, 3, -1, 0) : 2
(603, 3, 0, 0) : 3323
(603, 4, 0, 0) : 1425
(604, 2, 0, -1) : 8
(604, 2, 0, 0) : 51
(604, 3, 0, 0) : 3634
(604, 4, -1, 0) : 2
(604, 4, 0, 0) : 2896
(605, 2, 0, -2) : 2
(605, 2, 0, -1) : 18
(605, 2, 0, 0) : 73
(605, 3, 0, 0) : 5804
(605, 4, 0, 0) : 6103
(606, 2, 0, -1) : 34
(606, 2, 0, 0) : 194
(606, 3, 0, 0) : 13467
(606, 4, 0, 0) : 22741
(607, 2, 0, -2) : 1
(607, 2, 0, -1) : 19
(607, 2, 0, 0) : 224
(607, 3, 0, 0) : 21960
(607, 4, 0, 0) : 42205
(608, 2, 0, -1) : 4
(608, 2, 0, 0) : 185
(608, 3, 0, 0) : 15829
(608, 4, 0, 0) : 29472
(609, 2, 0, 0) : 90
(609, 3, 0, 0) : 4651
(609, 4, 0, 0) : 6828
(610, 2, 0, 0) : 4
(610, 3, 0, 0) : 378
(610, 4, 0, 0) : 515
(611, 3, 0, 0) : 12
(611, 4, 0, 0) : 12
=== 5: 187694 | @ 7m19s.481
(596, 3, 0, 0) : 1
(597, 2, 0, 0) : 2
(597, 3, 0, 0) : 18
(597, 4, 0, 0) : 4
(598, 2, 0, 0) : 2
(598, 3, 0, 0) : 66
(598, 4, 0, 0) : 15
(599, 2, 0, 0) : 7
(599, 3, 0, 0) : 151
(599, 4, 0, 0) : 49
(600, 2, 0, 0) : 20
(600, 3, 0, 0) : 209
(600, 4, 0, 0) : 62
(601, 2, 0, 0) : 27
(601, 3, 0, 0) : 424
(601, 4, 0, 0) : 178
(602, 2, 0, -1) : 4
(602, 2, 0, 0) : 34
(602, 3, -1, 0) : 1
(602, 3, 0, 0) : 1309
(602, 4, 0, 0) : 734
(603, 2, 0, -1) : 3
(603, 2, 0, 0) : 50
(603, 3, 0, 0) : 2954
(603, 4, -1, 0) : 1
(603, 4, 0, 0) : 2251
(604, 2, 0, -1) : 1
(604, 2, 0, 0) : 60
(604, 3, -1, 0) : 1
(604, 3, 0, 0) : 3095
(604, 4, 0, 0) : 2584
(605, 2, 0, -1) : 3
(605, 2, 0, 0) : 35
(605, 3, 0, 0) : 2559
(605, 4, -1, 0) : 3
(605, 4, 0, 0) : 3174
(606, 2, 0, -2) : 1
(606, 2, 0, -1) : 5
(606, 2, 0, 0) : 64
(606, 3, 0, 0) : 4071
(606, 4, -1, 0) : 1
(606, 4, 0, 0) : 5736
(607, 2, 0, -2) : 1
(607, 2, 0, -1) : 20
(607, 2, 0, 0) : 147
(607, 3, 0, 0) : 9116
(607, 4, 0, 0) : 25016
(608, 2, 0, -2) : 3
(608, 2, 0, -1) : 18
(608, 2, 0, 0) : 143
(608, 3, 0, 0) : 15064
(608, 4, 0, 0) : 48508
(609, 2, 0, -1) : 3
(609, 2, 0, 0) : 149
(609, 3, 0, 0) : 11829
(609, 4, 0, 0) : 34220
(610, 2, 0, 0) : 71
(610, 3, 0, 0) : 3647
(610, 4, 0, 0) : 8192
(611, 2, 0, 0) : 5
(611, 3, 0, 0) : 300
(611, 4, 0, 0) : 633
(612, 3, 0, 0) : 10
(612, 4, 0, 0) : 17
=== 6: 187081 | @ 8m35s.174
