(596, 3, 0, 0) : 3
(596, 4, 0, 0) : 1
(597, 3, -1, 0) : 1
(597, 3, 0, 0) : 4
(597, 4, 0, 0) : 1
(598, 2, 0, 0) : 3
(598, 3, 0, 0) : 20
(598, 4, 0, 0) : 14
(599, 2, 0, 0) : 6
(599, 3, 0, 0) : 103
(599, 4, 0, 0) : 30
(600, 2, 0, 0) : 7
(600, 3, 0, 0) : 198
(600, 4, 0, 0) : 67
(601, 2, 0, 0) : 30
(601, 3, 0, 0) : 387
(601, 4, 0, 0) : 152
(602, 2, 0, 0) : 22
(602, 3, -1, 0) : 1
(602, 3, 0, 0) : 584
(602, 4, -1, 0) : 1
(602, 4, 0, 0) : 297
(603, 2, 0, -1) : 11
(603, 2, 0, 0) : 47
(603, 3, 0, 0) : 2081
(603, 4, -1, 0) : 1
(603, 4, 0, 0) : 1836
(604, 2, 0, -1) : 9
(604, 2, 0, 0) : 64
(604, 3, -1, 0) : 1
(604, 3, 0, 0) : 3000
(604, 4, 0, 0) : 3156
(605, 2, 0, -1) : 5
(605, 2, 0, 0) : 65
(605, 3, 0, 0) : 3656
(605, 4, -1, 0) : 3
(605, 4, 0, 0) : 4021
(606, 2, 0, -2) : 1
(606, 2, 0, -1) : 11
(606, 2, 0, 0) : 83
(606, 3, 0, 0) : 5557
(606, 4, -1, 0) : 1
(606, 4, 0, 0) : 5804
(607, 2, 0, -2) : 1
(607, 2, 0, -1) : 20
(607, 2, 0, 0) : 175
(607, 3, 0, 0) : 11068
(607, 4, 0, 0) : 24765
(608, 2, 0, -2) : 2
(608, 2, 0, -1) : 18
(608, 2, 0, 0) : 163
(608, 3, 0, 0) : 17153
(608, 4, 0, 0) : 47314
(609, 2, 0, -1) : 3
(609, 2, 0, 0) : 147
(609, 3, 0, 0) : 12632
(609, 4, 0, 0) : 32940
(610, 2, 0, 0) : 76
(610, 3, 0, 0) : 3937
(610, 4, 0, 0) : 7984
(611, 2, 0, 0) : 5
(611, 3, 0, 0) : 347
(611, 4, 0, 0) : 628
(612, 3, 0, 0) : 11
(612, 4, 0, 0) : 16
=== 0: 190750 | @ 1m31s.936
