(602, 5, 0, 0) : 2
(601, 5, 0, 0) : 1
(604, 5, 0, 0) : 1
(605, 5, 0, 0) : 1
(603, 5, 0, 0) : 1
(603, 4, 0, 0) : 19
(605, 4, 0, 0) : 28
(601, 4, 0, 0) : 5
(604, 4, 0, 0) : 16
(602, 4, 0, 0) : 4
(604, 3, 0, 0) : 27
(605, 3, 0, 0) : 277
(606, 3, 0, 0) : 341
(603, 3, 0, 0) : 29
(607, 3, 0, 0) : 63
(602, 3, 0, 0) : 12
(601, 3, 0, 0) : 18
(600, 3, 0, 0) : 4
(606, 2, 0, 0) : 11108
(605, 2, 0, 0) : 7445
(607, 2, 0, 0) : 35957
(608, 2, 0, 0) : 64652
(601, 2, 0, 0) : 545
(602, 2, 0, 0) : 886
(604, 2, 0, 0) : 6187
(600, 2, 0, 0) : 268
(603, 2, 0, 0) : 3915
(599, 2, 0, 0) : 139
(598, 2, 0, 0) : 37
(609, 2, 0, 0) : 45739
(597, 2, 0, 0) : 5
(596, 2, 0, 0) : 4
(610, 2, 0, 0) : 12004
(611, 2, 0, 0) : 980
(612, 2, 0, 0) : 27
(606, 2, 0, -1) : 1
(607, 2, 0, -1) : 1
(608, 2, 0, -1) : 1
(602, 2, 0, 0) : 3315
(603, 2, 0, 0) : 5699
(604, 2, 0, 0) : 7034
(605, 2, 0, 0) : 11574
(601, 2, 0, 0) : 813
(606, 2, 0, 0) : 36766
(607, 2, 0, 0) : 65277
(600, 2, 0, 0) : 476
(608, 2, 0, 0) : 46222
(604, 2, 0, -1) : 1
(599, 2, 0, 0) : 216
(598, 2, 0, 0) : 108
(609, 2, 0, 0) : 11671
(596, 2, 0, 0) : 14
(597, 2, 0, 0) : 32
(595, 2, 0, 0) : 4
(606, 2, 0, -1) : 2
(605, 2, 0, -1) : 1
(604, 2, 0, -3) : 1
(611, 2, 0, 0) : 29
(610, 2, 0, 0) : 880
(607, 2, 0, -1) : 4
(602, 5, 0, 0) : 2
(601, 5, 0, 0) : 1
(604, 5, 0, 0) : 1
(605, 5, 0, 0) : 1
(603, 5, 0, 0) : 1
(603, 4, 0, 0) : 19
(605, 4, 0, 0) : 28
(601, 4, 0, 0) : 5
(604, 4, 0, 0) : 16
(602, 4, 0, 0) : 4
(604, 3, 0, 0) : 27
(605, 3, 0, 0) : 277
(606, 3, 0, 0) : 341
(603, 3, 0, 0) : 29
(607, 3, 0, 0) : 63
(602, 3, 0, 0) : 12
(601, 3, 0, 0) : 18
(600, 3, 0, 0) : 4
(606, 2, 0, 0) : 11108
(605, 2, 0, 0) : 7445
(607, 2, 0, 0) : 35957
(608, 2, 0, 0) : 64652
(601, 2, 0, 0) : 545
(602, 2, 0, 0) : 886
(604, 2, 0, 0) : 6187
(600, 2, 0, 0) : 268
(603, 2, 0, 0) : 3915
(599, 2, 0, 0) : 139
(598, 2, 0, 0) : 37
(609, 2, 0, 0) : 45739
(597, 2, 0, 0) : 5
(596, 2, 0, 0) : 4
(610, 2, 0, 0) : 12004
(611, 2, 0, 0) : 980
(612, 2, 0, 0) : 27
(606, 2, 0, -1) : 1
(607, 2, 0, -1) : 1
(608, 2, 0, -1) : 1
(602, 2, 0, 0) : 3315
(603, 2, 0, 0) : 5699
(604, 2, 0, 0) : 7034
(605, 2, 0, 0) : 11574
(601, 2, 0, 0) : 813
(606, 2, 0, 0) : 36766
(607, 2, 0, 0) : 65277
(600, 2, 0, 0) : 476
(608, 2, 0, 0) : 46222
(604, 2, 0, -1) : 1
(599, 2, 0, 0) : 216
(598, 2, 0, 0) : 108
(609, 2, 0, 0) : 11671
(596, 2, 0, 0) : 14
(597, 2, 0, 0) : 32
(595, 2, 0, 0) : 4
(606, 2, 0, -1) : 2
(605, 2, 0, -1) : 1
(604, 2, 0, -3) : 1
(611, 2, 0, 0) : 29
(610, 2, 0, 0) : 880
(607, 2, 0, -1) : 4
