(0, 2, 4) : (602, 3, 0, 0)
(0, 2, 5) : (601, 3, 0, 0)
(0, 2, 6) : (602, 3, 0, 0)
(0, 2, 7) : (604, 3, 0, 0)
(0, 2, 8) : (605, 3, 0, 0)
(0, 2, 9) : (603, 3, 0, 0)
(0, 2, 10) : (603, 3, 0, 0)
(0, 2, 11) : (603, 3, 0, 0)
(0, 2, 12) : (603, 3, 0, 0)
(0, 2, 13) : (605, 3, 0, 0)
(0, 2, 14) : (601, 3, 0, 0)
(0, 2, 15) : (603, 3, 0, 0)
(0, 2, 16) : (601, 3, 0, 0)
(0, 2, 17) : (603, 3, 0, 0)
(0, 2, 18) : (601, 3, 0, 0)
(0, 2, 19) : (603, 3, 0, 0)
(0, 2, 20) : (601, 3, 0, 0)
(0, 2, 21) : (603, 3, 0, 0)
(0, 2, 22) : (603, 3, 0, 0)
(0, 2, 23) : (603, 3, 0, 0)
(0, 2, 24) : (604, 3, 0, 0)
(0, 2, 25) : (603, 3, 0, 0)
(0, 2, 26) : (603, 3, 0, 0)
(0, 2, 27) : (603, 3, 0, 0)
(0, 2, 28) : (605, 3, 0, 0)
(0, 2, 29) : (605, 3, 0, 0)
(0, 2, 30) : (604, 3, 0, 0)
(0, 2, 31) : (602, 3, 0, 0)
(0, 2, 32) : (604, 3, 0, 0)
(0, 2, 33) : (605, 3, 0, 0)
(0, 2, 34) : (604, 3, 0, 0)
(0, 2, 35) : (602, 3, 0, 0)
(0, 2, 36) : (603, 3, 0, 0)
(0, 2, 37) : (605, 3, 0, 0)
(0, 2, 38) : (605, 3, 0, 0)
(0, 2, 39) : (605, 3, 0, 0)
(0, 2, 40) : (605, 3, 0, 0)
(0, 2, 41) : (605, 3, 0, 0)
(0, 2, 42) : (605, 3, 0, 0)
(0, 2, 43) : (605, 3, 0, 0)
(0, 2, 44) : (605, 3, 0, 0)
(0, 2, 45) : (605, 3, 0, 0)
(0, 2, 46) : (605, 3, 0, 0)
(0, 2, 47) : (605, 3, 0, 0)
(0, 2, 49) : (604, 3, 0, 0)
(0, 2, 51) : (604, 3, 0, 0)
(0, 2, 52) : (604, 3, 0, 0)
(0, 2, 53) : (603, 3, 0, 0)
(0, 2, 54) : (603, 3, 0, 0)
(0, 2, 55) : (604, 3, 0, 0)
(0, 2, 56) : (605, 3, 0, 0)
(0, 2, 57) : (604, 3, 0, 0)
(0, 2, 58) : (605, 3, 0, 0)
(0, 2, 59) : (605, 3, 0, 0)
(0, 2, 60) : (605, 3, 0, 0)
(0, 2, 61) : (605, 3, 0, 0)
(0, 2, 62) : (605, 3, 0, 0)
(0, 2, 63) : (605, 3, 0, 0)
(0, 2, 64) : (604, 3, 0, 0)
(0, 2, 65) : (605, 3, 0, 0)
(0, 2, 66) : (605, 3, 0, 0)
(0, 2, 67) : (605, 3, 0, 0)
(0, 2, 68) : (604, 3, 0, 0)
(0, 2, 69) : (602, 3, 0, 0)
(0, 2, 70) : (602, 3, 0, 0)
(0, 2, 71) : (603, 3, 0, 0)
(0, 2, 72) : (603, 3, 0, 0)
(0, 2, 73) : (603, 3, 0, 0)
(0, 2, 74) : (604, 3, 0, 0)
(0, 2, 75) : (605, 3, 0, 0)
(0, 2, 76) : (605, 3, 0, 0)
(0, 2, 77) : (601, 3, 0, 0)
(0, 2, 78) : (604, 3, 0, 0)
(0, 2, 79) : (604, 3, 0, 0)
(0, 2, 80) : (603, 3, 0, 0)
(0, 2, 81) : (604, 3, 0, 0)
(0, 2, 82) : (604, 3, 0, 0)
(0, 2, 83) : (605, 3, 0, 0)
(0, 2, 84) : (604, 3, 0, 0)
(0, 2, 85) : (605, 3, 0, 0)
(0, 2, 86) : (605, 3, 0, 0)
(0, 2, 87) : (605, 3, 0, 0)
(0, 2, 88) : (605, 3, 0, 0)
(0, 2, 89) : (605, 3, 0, 0)
(0, 2, 90) : (605, 3, 0, 0)
(0, 2, 91) : (605, 3, 0, 0)
(0, 2, 92) : (605, 3, 0, 0)
(0, 2, 93) : (606, 3, 0, 0)
(0, 2, 94) : (603, 3, 0, 0)
(0, 2, 95) : (606, 3, 0, 0)
(0, 2, 96) : (606, 3, 0, 0)
(0, 2, 97) : (606, 3, 0, 0)
(0, 2, 98) : (605, 3, 0, 0)
(0, 2, 99) : (606, 3, 0, 0)
(0, 2, 100) : (606, 3, 0, 0)
(0, 2, 101) : (607, 3, 0, 0)
(0, 2, 102) : (607, 3, 0, 0)
(0, 2, 103) : (607, 3, 0, 0)
(0, 2, 104) : (606, 3, 0, 0)
(0, 2, 105) : (606, 3, 0, 0)
(0, 2, 106) : (602, 3, 0, 0)
(0, 2, 107) : (607, 3, 0, 0)
(0, 2, 108) : (606, 3, 0, 0)
(0, 2, 109) : (606, 3, 0, 0)
(0, 2, 110) : (605, 3, 0, 0)
(0, 2, 111) : (604, 3, 0, 0)
(0, 2, 112) : (605, 3, 0, 0)
(0, 2, 113) : (606, 3, 0, 0)
(0, 2, 114) : (605, 3, 0, 0)
(0, 2, 115) : (605, 3, 0, 0)
(0, 2, 116) : (606, 3, 0, 0)
(0, 2, 117) : (606, 3, 0, 0)
(0, 2, 118) : (605, 3, 0, 0)
(0, 2, 119) : (607, 3, 0, 0)
(0, 2, 120) : (606, 3, 0, 0)
(0, 2, 121) : (605, 3, 0, 0)
(0, 2, 122) : (606, 3, 0, 0)
(0, 2, 123) : (606, 3, 0, 0)
(0, 2, 124) : (605, 3, 0, 0)
(0, 2, 125) : (606, 3, 0, 0)
(0, 2, 126) : (606, 3, 0, 0)
(0, 2, 127) : (607, 3, 0, 0)
(0, 2, 128) : (606, 3, 0, 0)
(0, 2, 129) : (605, 3, 0, 0)
(0, 2, 130) : (607, 3, 0, 0)
(0, 2, 131) : (606, 3, 0, 0)
(0, 2, 132) : (606, 3, 0, 0)
(0, 2, 133) : (606, 3, 0, 0)
(0, 2, 134) : (606, 3, 0, 0)
(0, 2, 135) : (606, 3, 0, 0)
(0, 2, 136) : (605, 3, 0, 0)
(0, 2, 137) : (605, 3, 0, 0)
(0, 2, 138) : (606, 3, 0, 0)
(0, 2, 139) : (606, 3, 0, 0)
(0, 2, 140) : (606, 3, 0, 0)
(0, 2, 141) : (605, 3, 0, 0)
(0, 2, 142) : (607, 3, 0, 0)
(0, 2, 143) : (605, 3, 0, 0)
(0, 2, 144) : (606, 3, 0, 0)
(0, 2, 145) : (607, 3, 0, 0)
(0, 2, 146) : (605, 3, 0, 0)
(0, 2, 147) : (606, 3, 0, 0)
(0, 2, 148) : (606, 3, 0, 0)
(0, 2, 149) : (605, 3, 0, 0)
(0, 2, 150) : (606, 3, 0, 0)
(0, 2, 151) : (606, 3, 0, 0)
(0, 2, 152) : (605, 3, 0, 0)
(0, 2, 153) : (606, 3, 0, 0)
(0, 2, 154) : (606, 3, 0, 0)
(0, 2, 155) : (605, 3, 0, 0)
(0, 2, 156) : (606, 3, 0, 0)
(0, 2, 157) : (606, 3, 0, 0)
(0, 2, 158) : (606, 3, 0, 0)
(0, 2, 159) : (605, 3, 0, 0)
(0, 2, 160) : (606, 3, 0, 0)
(0, 2, 161) : (605, 3, 0, 0)
(0, 2, 162) : (606, 3, 0, 0)
(0, 2, 163) : (603, 3, 0, 0)
(0, 2, 164) : (605, 3, 0, 0)
(0, 2, 165) : (606, 3, 0, 0)
(0, 2, 166) : (606, 3, 0, 0)
(0, 2, 167) : (605, 3, 0, 0)
(0, 2, 168) : (606, 3, 0, 0)
(0, 2, 169) : (606, 3, 0, 0)
(0, 2, 170) : (606, 3, 0, 0)
(0, 2, 171) : (605, 3, 0, 0)
(0, 2, 172) : (603, 3, 0, 0)
(0, 2, 173) : (605, 3, 0, 0)
(0, 2, 174) : (606, 3, 0, 0)
(0, 2, 175) : (605, 3, 0, 0)
(0, 2, 176) : (605, 3, 0, 0)
(0, 2, 177) : (606, 3, 0, 0)
(0, 2, 178) : (605, 3, 0, 0)
(0, 2, 179) : (605, 3, 0, 0)
(0, 2, 180) : (605, 3, 0, 0)
(0, 2, 181) : (606, 3, 0, 0)
(0, 2, 182) : (606, 3, 0, 0)
(0, 2, 183) : (606, 3, 0, 0)
(0, 2, 184) : (606, 3, 0, 0)
(0, 2, 185) : (606, 3, 0, 0)
(0, 2, 186) : (606, 3, 0, 0)
(0, 2, 187) : (605, 3, 0, 0)
(0, 2, 188) : (605, 3, 0, 0)
(0, 2, 189) : (605, 3, 0, 0)
(0, 2, 190) : (605, 3, 0, 0)
(0, 2, 191) : (606, 3, 0, 0)
(0, 2, 192) : (605, 3, 0, 0)
(0, 2, 193) : (606, 3, 0, 0)
(0, 2, 194) : (606, 3, 0, 0)
(0, 2, 195) : (606, 3, 0, 0)
(0, 2, 196) : (604, 3, 0, 0)
(0, 2, 197) : (606, 3, 0, 0)
(0, 2, 198) : (606, 3, 0, 0)
(0, 2, 199) : (607, 3, 0, 0)
(0, 2, 200) : (606, 3, 0, 0)
(0, 2, 201) : (606, 3, 0, 0)
(0, 2, 202) : (606, 3, 0, 0)
(0, 2, 203) : (606, 3, 0, 0)
(0, 2, 204) : (606, 3, 0, 0)
(0, 2, 205) : (606, 3, 0, 0)
(0, 2, 206) : (606, 3, 0, 0)
(0, 2, 207) : (606, 3, 0, 0)
(0, 2, 208) : (606, 3, 0, 0)
(0, 2, 209) : (606, 3, 0, 0)
(0, 2, 210) : (606, 3, 0, 0)
(0, 2, 211) : (607, 3, 0, 0)
(0, 2, 212) : (606, 3, 0, 0)
(0, 2, 213) : (606, 3, 0, 0)
(0, 2, 214) : (606, 3, 0, 0)
(0, 2, 215) : (606, 3, 0, 0)
(0, 2, 216) : (606, 3, 0, 0)
(0, 2, 217) : (606, 3, 0, 0)
(0, 2, 218) : (606, 3, 0, 0)
(0, 2, 219) : (606, 3, 0, 0)
(0, 2, 220) : (606, 3, 0, 0)
(0, 2, 221) : (606, 3, 0, 0)
(0, 2, 222) : (606, 3, 0, 0)
(0, 2, 223) : (605, 3, 0, 0)
(0, 2, 224) : (605, 3, 0, 0)
(0, 2, 225) : (605, 3, 0, 0)
(0, 2, 226) : (605, 3, 0, 0)
(0, 2, 227) : (605, 3, 0, 0)
(0, 2, 228) : (606, 3, 0, 0)
(0, 2, 229) : (606, 3, 0, 0)
(0, 2, 230) : (605, 3, 0, 0)
(0, 2, 231) : (605, 3, 0, 0)
(0, 2, 232) : (606, 3, 0, 0)
(0, 2, 233) : (606, 3, 0, 0)
(0, 2, 234) : (605, 3, 0, 0)
(0, 2, 235) : (605, 3, 0, 0)
(0, 2, 236) : (605, 3, 0, 0)
(0, 2, 237) : (605, 3, 0, 0)
(0, 2, 238) : (605, 3, 0, 0)
(0, 2, 239) : (605, 3, 0, 0)
(0, 2, 240) : (606, 3, 0, 0)
(0, 2, 241) : (606, 3, 0, 0)
(0, 2, 242) : (606, 3, 0, 0)
(0, 2, 243) : (606, 3, 0, 0)
(0, 2, 244) : (605, 3, 0, 0)
(0, 2, 245) : (606, 3, 0, 0)
(0, 2, 246) : (605, 3, 0, 0)
(0, 2, 247) : (606, 3, 0, 0)
(0, 2, 248) : (605, 3, 0, 0)
(0, 2, 249) : (606, 3, 0, 0)
(0, 2, 250) : (606, 3, 0, 0)
(0, 2, 251) : (605, 3, 0, 0)
(0, 2, 252) : (605, 3, 0, 0)
(0, 2, 253) : (605, 3, 0, 0)
(0, 2, 254) : (607, 3, 0, 0)
(0, 2, 255) : (605, 3, 0, 0)
(0, 2, 256) : (606, 3, 0, 0)
(0, 2, 257) : (606, 3, 0, 0)
(0, 2, 258) : (607, 3, 0, 0)
(0, 2, 259) : (606, 3, 0, 0)
(0, 2, 260) : (606, 3, 0, 0)
(0, 2, 261) : (606, 3, 0, 0)
(0, 2, 262) : (605, 3, 0, 0)
(0, 2, 263) : (605, 3, 0, 0)
(0, 2, 264) : (605, 3, 0, 0)
(0, 2, 265) : (605, 3, 0, 0)
(0, 2, 266) : (605, 3, 0, 0)
(0, 2, 267) : (605, 3, 0, 0)
(0, 2, 268) : (606, 3, 0, 0)
(0, 2, 269) : (605, 3, 0, 0)
(0, 2, 270) : (606, 3, 0, 0)
(0, 2, 271) : (605, 3, 0, 0)
(0, 2, 272) : (605, 3, 0, 0)
(0, 2, 274) : (605, 3, 0, 0)
(0, 2, 275) : (605, 3, 0, 0)
(0, 2, 276) : (603, 3, 0, 0)
(0, 2, 278) : (606, 3, 0, 0)
(0, 2, 279) : (607, 3, 0, 0)
(0, 2, 280) : (601, 3, 0, 0)
(0, 2, 282) : (606, 3, 0, 0)
(0, 2, 283) : (606, 3, 0, 0)
(0, 2, 284) : (606, 4, 0, 0)
(0, 2, 285) : (605, 3, 0, 0)
(0, 2, 286) : (606, 3, 0, 0)
(0, 2, 287) : (600, 3, 0, 0)
(0, 2, 288) : (605, 3, 0, 0)
(0, 2, 289) : (601, 3, 0, 0)
(0, 2, 290) : (607, 3, 0, 0)
(0, 2, 291) : (606, 3, 0, 0)
(0, 2, 293) : (607, 3, 0, 0)
(0, 2, 294) : (606, 3, 0, 0)
(0, 2, 295) : (607, 3, 0, 0)
(0, 2, 296) : (605, 3, 0, 0)
(0, 2, 297) : (605, 3, 0, 0)
(0, 2, 298) : (605, 3, 0, 0)
(0, 2, 299) : (606, 3, 0, 0)
(0, 2, 300) : (605, 3, 0, 0)
(0, 2, 301) : (606, 3, 0, 0)
(0, 2, 302) : (606, 3, 0, 0)
(0, 2, 303) : (605, 3, 0, 0)
(0, 2, 304) : (606, 3, 0, 0)
(0, 2, 305) : (605, 3, 0, 0)
(0, 2, 306) : (606, 3, 0, 0)
(0, 2, 307) : (606, 3, 0, 0)
(0, 2, 308) : (606, 3, 0, 0)
(0, 2, 309) : (606, 3, 0, 0)
(0, 2, 310) : (606, 3, 0, 0)
(0, 2, 311) : (606, 3, 0, 0)
(0, 2, 312) : (606, 3, 0, 0)
(0, 2, 313) : (607, 3, 0, 0)
(0, 2, 314) : (606, 3, 0, 0)
(0, 2, 315) : (606, 3, 0, 0)
(0, 2, 316) : (606, 3, 0, 0)
(0, 2, 317) : (605, 3, 0, 0)
(0, 2, 318) : (605, 3, 0, 0)
(0, 2, 319) : (605, 3, 0, 0)
(0, 2, 320) : (605, 3, 0, 0)
(0, 2, 321) : (605, 3, 0, -1)
(0, 2, 322) : (605, 3, 0, 0)
(0, 2, 323) : (601, 3, 0, 0)
(0, 2, 324) : (606, 3, 0, 0)
(0, 2, 325) : (606, 3, 0, 0)
(0, 2, 326) : (604, 3, 0, 0)
(0, 2, 327) : (607, 3, 0, 0)
(0, 2, 328) : (606, 3, 0, 0)
(0, 2, 329) : (606, 3, 0, 0)
(0, 2, 330) : (605, 3, 0, 0)
(0, 2, 331) : (606, 3, 0, 0)
(0, 2, 332) : (605, 3, 0, 0)
(0, 2, 333) : (605, 3, 0, 0)
(0, 2, 334) : (606, 3, 0, 0)
(0, 2, 335) : (606, 3, 0, 0)
(0, 2, 336) : (607, 3, 0, 0)
(0, 2, 337) : (606, 3, 0, 0)
(0, 2, 338) : (606, 3, 0, 0)
(0, 2, 339) : (606, 3, 0, 0)
(0, 2, 340) : (606, 3, 0, 0)
(0, 2, 341) : (605, 3, 0, 0)
(0, 2, 342) : (606, 3, 0, 0)
(0, 2, 343) : (605, 3, 0, 0)
(0, 2, 344) : (605, 3, 0, 0)
(0, 2, 345) : (606, 3, 0, 0)
(0, 2, 346) : (605, 3, 0, 0)
(0, 2, 347) : (605, 3, 0, 0)
(0, 2, 348) : (606, 3, 0, 0)
(0, 2, 349) : (606, 3, 0, 0)
(0, 2, 350) : (606, 3, 0, 0)
(0, 2, 351) : (605, 3, 0, 0)
(0, 2, 352) : (605, 3, 0, 0)
(0, 2, 353) : (605, 3, 0, 0)
(0, 2, 354) : (605, 3, 0, 0)
(0, 2, 355) : (606, 3, 0, 0)
(0, 2, 356) : (605, 3, 0, 0)
(0, 2, 357) : (606, 3, 0, 0)
(0, 2, 358) : (605, 3, 0, 0)
(0, 2, 359) : (606, 3, 0, 0)
(0, 2, 360) : (605, 3, 0, 0)
(0, 2, 361) : (607, 3, 0, 0)
(0, 2, 362) : (605, 3, 0, 0)
(0, 2, 363) : (607, 3, 0, 0)
(0, 2, 364) : (606, 3, 0, 0)
(0, 2, 365) : (606, 3, 0, 0)
(0, 2, 366) : (606, 3, 0, 0)
(0, 2, 367) : (606, 3, 0, 0)
(0, 2, 368) : (607, 3, 0, 0)
(0, 2, 369) : (607, 3, 0, 0)
(0, 2, 370) : (607, 3, 0, 0)
(0, 2, 371) : (606, 3, 0, 0)
(0, 2, 372) : (607, 3, 0, 0)
(0, 2, 373) : (606, 3, 0, 0)
(0, 2, 374) : (606, 3, 0, 0)
(0, 2, 375) : (606, 3, 0, 0)
(0, 2, 376) : (606, 3, 0, 0)
(0, 2, 377) : (606, 3, 0, 0)
(0, 2, 378) : (606, 3, 0, 0)
(0, 2, 379) : (606, 3, 0, 0)
(0, 2, 380) : (606, 3, 0, 0)
(0, 2, 381) : (607, 3, 0, 0)
(0, 2, 382) : (606, 3, 0, 0)
(0, 2, 383) : (606, 3, 0, 0)
(0, 2, 384) : (606, 3, 0, 0)
(0, 2, 385) : (606, 3, 0, 0)
(0, 2, 386) : (606, 3, 0, 0)
(0, 2, 387) : (606, 3, 0, 0)
(0, 2, 388) : (606, 3, 0, 0)
(0, 2, 389) : (606, 3, 0, 0)
(0, 2, 390) : (606, 3, 0, 0)
(0, 2, 391) : (606, 3, 0, 0)
(0, 2, 392) : (606, 3, 0, 0)
(0, 2, 393) : (601, 3, 0, 0)
(0, 2, 394) : (603, 3, 0, 0)
(0, 2, 395) : (604, 3, 0, 0)
(0, 2, 396) : (601, 3, 0, 0)
(0, 2, 397) : (603, 3, 0, 0)
(0, 2, 398) : (606, 3, 0, 0)
(0, 2, 399) : (607, 3, 0, 0)
(0, 2, 400) : (607, 3, 0, 0)
(0, 2, 401) : (603, 3, 0, 0)
(0, 2, 402) : (606, 3, 0, 0)
(0, 2, 403) : (607, 3, 0, 0)
(0, 2, 404) : (604, 3, 0, 0)
(0, 2, 406) : (605, 3, 0, 0)
(0, 2, 407) : (601, 3, 0, 0)
(0, 2, 409) : (606, 3, 0, 0)
(0, 2, 410) : (606, 3, 0, 0)
(0, 2, 411) : (602, 3, 0, 0)
(0, 2, 412) : (606, 3, 0, 0)
(0, 2, 414) : (606, 3, 0, 0)
(0, 2, 415) : (605, 3, 0, 0)
(0, 2, 416) : (601, 3, 0, 0)
(0, 2, 417) : (606, 3, 0, 0)
(0, 2, 418) : (607, 3, 0, 0)
(0, 2, 419) : (607, 3, 0, 0)
(0, 2, 420) : (606, 3, 0, 0)
(0, 2, 421) : (606, 3, 0, 0)
(0, 2, 422) : (607, 3, 0, 0)
(0, 2, 423) : (606, 3, 0, 0)
(0, 2, 424) : (606, 3, 0, 0)
(0, 2, 425) : (607, 3, 0, 0)
(0, 2, 426) : (606, 3, 0, 0)
(0, 2, 427) : (606, 3, 0, 0)
(0, 2, 428) : (606, 3, 0, 0)
(0, 2, 429) : (605, 3, 0, 0)
(0, 2, 430) : (606, 3, 0, 0)
(0, 2, 431) : (606, 3, 0, 0)
(0, 2, 432) : (605, 3, 0, 0)
(0, 2, 433) : (606, 3, 0, 0)
(0, 2, 434) : (605, 3, 0, 0)
(0, 2, 435) : (606, 3, 0, 0)
(0, 2, 436) : (606, 3, 0, 0)
(0, 2, 437) : (605, 3, 0, 0)
(0, 2, 438) : (605, 3, 0, 0)
(0, 2, 439) : (607, 3, 0, 0)
(0, 2, 440) : (601, 3, 0, 0)
(0, 2, 442) : (604, 3, 0, 0)
(0, 2, 443) : (607, 3, 0, 0)
(0, 2, 445) : (605, 3, 0, 0)
(0, 2, 446) : (603, 3, 0, 0)
(0, 2, 447) : (600, 3, 0, 0)
(0, 2, 449) : (605, 3, 0, 0)
(0, 2, 450) : (606, 3, 0, 0)
(0, 2, 451) : (606, 3, 0, 0)
(0, 2, 452) : (606, 3, 0, 0)
(0, 2, 453) : (606, 3, 0, 0)
(0, 2, 454) : (606, 3, 0, 0)
(0, 2, 455) : (606, 3, 0, 0)
(0, 2, 456) : (605, 3, 0, 0)
(0, 2, 457) : (605, 3, 0, 0)
(0, 2, 458) : (605, 3, 0, 0)
(0, 2, 459) : (605, 3, 0, 0)
(0, 2, 460) : (606, 3, 0, 0)
(0, 2, 461) : (605, 3, 0, 0)
(0, 2, 462) : (606, 3, 0, 0)
(0, 2, 463) : (605, 3, 0, 0)
(0, 2, 464) : (606, 3, 0, 0)
(0, 2, 465) : (605, 3, 0, 0)
(0, 2, 466) : (606, 3, 0, 0)
(0, 2, 467) : (605, 3, 0, 0)
(0, 2, 468) : (605, 4, 0, 0)
(0, 2, 469) : (607, 3, 0, 0)
(0, 2, 470) : (606, 3, 0, 0)
(0, 2, 471) : (607, 3, 0, 0)
(0, 2, 472) : (607, 3, 0, 0)
(0, 2, 473) : (606, 3, 0, 0)
(0, 2, 474) : (607, 3, 0, 0)
(0, 2, 475) : (606, 3, 0, 0)
(0, 2, 476) : (606, 4, 0, 0)
(0, 2, 477) : (606, 3, 0, 0)
(0, 2, 478) : (606, 3, 0, 0)
(0, 2, 479) : (606, 3, 0, 0)
(0, 2, 480) : (606, 3, 0, 0)
(0, 2, 481) : (606, 3, 0, 0)
(0, 2, 482) : (606, 3, 0, 0)
(0, 2, 483) : (606, 3, 0, 0)
(0, 2, 484) : (606, 3, 0, 0)
(0, 2, 485) : (606, 3, 0, 0)
(0, 2, 486) : (607, 3, 0, 0)
(0, 2, 487) : (606, 3, 0, 0)
(0, 2, 488) : (606, 3, 0, 0)
(0, 2, 489) : (606, 3, 0, 0)
(0, 2, 490) : (606, 3, 0, 0)
(0, 2, 491) : (606, 3, 0, 0)
(0, 2, 492) : (606, 3, 0, 0)
(0, 2, 493) : (606, 3, 0, 0)
(0, 2, 494) : (606, 3, 0, 0)
(0, 2, 495) : (606, 3, 0, 0)
(0, 2, 496) : (606, 3, 0, 0)
(0, 2, 497) : (606, 3, 0, 0)
(0, 2, 498) : (606, 3, 0, 0)
(0, 2, 499) : (605, 3, 0, 0)
(0, 2, 500) : (605, 3, 0, 0)
(0, 2, 501) : (606, 3, 0, 0)
(0, 2, 502) : (605, 3, 0, 0)
(0, 2, 503) : (606, 3, 0, 0)
(0, 2, 504) : (605, 3, 0, 0)
(0, 2, 505) : (606, 3, 0, 0)
(0, 2, 506) : (605, 3, 0, 0)
(0, 2, 507) : (606, 3, 0, 0)
(0, 2, 508) : (605, 3, 0, 0)
(0, 2, 509) : (600, 3, 0, 0)
(0, 2, 510) : (601, 3, 0, 0)
(0, 2, 512) : (604, 3, 0, 0)
(0, 2, 513) : (605, 3, 0, 0)
(0, 2, 514) : (601, 3, 0, 0)
(0, 2, 515) : (601, 3, 0, 0)
(0, 2, 516) : (607, 4, 0, 0)
(0, 2, 517) : (606, 4, 0, 0)
(0, 2, 518) : (601, 3, 0, 0)
(0, 2, 519) : (600, 3, 0, 0)
(0, 2, 520) : (607, 3, 0, 0)
(0, 2, 521) : (606, 3, 0, 0)
(0, 2, 522) : (607, 3, 0, 0)
(0, 2, 523) : (606, 3, 0, -1)
(0, 2, 524) : (606, 3, 0, 0)
(0, 2, 525) : (606, 3, 0, 0)
(0, 2, 526) : (605, 3, 0, 0)
(0, 2, 527) : (605, 3, 0, 0)
(0, 2, 528) : (606, 3, 0, 0)
(0, 2, 529) : (605, 3, 0, 0)
(0, 2, 530) : (606, 3, 0, 0)
(0, 2, 531) : (605, 3, 0, 0)
(0, 2, 532) : (606, 3, 0, 0)
(0, 2, 533) : (606, 4, 0, 0)
(0, 2, 534) : (606, 3, 0, 0)
(0, 2, 535) : (607, 3, 0, 0)
(0, 2, 536) : (606, 3, 0, 0)
(0, 2, 537) : (606, 3, 0, 0)
(0, 2, 538) : (605, 3, 0, 0)
(0, 2, 539) : (606, 3, 0, 0)
(0, 2, 540) : (606, 3, 0, 0)
(0, 2, 541) : (606, 3, 0, 0)
(0, 2, 542) : (607, 3, 0, 0)
(0, 2, 543) : (606, 3, 0, 0)
(0, 2, 544) : (606, 3, 0, 0)
(0, 2, 545) : (606, 3, 0, 0)
(0, 2, 546) : (607, 3, 0, 0)
(0, 2, 547) : (606, 3, 0, 0)
(0, 2, 548) : (606, 3, 0, 0)
(0, 2, 549) : (605, 3, 0, 0)
(0, 2, 550) : (605, 3, 0, 0)
(0, 2, 551) : (606, 3, 0, 0)
(0, 2, 552) : (605, 3, 0, 0)
(0, 2, 553) : (606, 3, 0, 0)
(0, 2, 554) : (605, 3, 0, 0)
(0, 2, 555) : (606, 3, 0, 0)
(0, 2, 556) : (605, 3, 0, 0)
(0, 2, 557) : (606, 3, 0, 0)
(0, 2, 558) : (605, 3, 0, 0)
(0, 2, 559) : (606, 3, 0, 0)
(0, 2, 560) : (607, 3, 0, 0)
(0, 2, 561) : (607, 3, 0, 0)
(0, 2, 562) : (607, 3, 0, 0)
(0, 2, 563) : (607, 3, 0, 0)
(0, 2, 564) : (607, 3, 0, 0)
(0, 2, 565) : (606, 4, 0, 0)
(0, 2, 566) : (607, 3, 0, 0)
(0, 2, 567) : (606, 3, 0, 0)
(0, 2, 568) : (606, 3, 0, 0)
(0, 2, 569) : (605, 3, 0, 0)
(0, 2, 570) : (605, 3, 0, 0)
(0, 2, 571) : (605, 3, 0, 0)
(0, 2, 572) : (605, 3, 0, 0)
(0, 2, 573) : (605, 3, 0, 0)
(0, 2, 574) : (605, 3, 0, 0)
(0, 2, 575) : (605, 3, 0, 0)
(0, 2, 576) : (605, 3, 0, 0)
(0, 2, 577) : (605, 3, 0, 0)
(0, 2, 578) : (605, 3, 0, 0)
(0, 2, 579) : (605, 3, 0, 0)
(0, 2, 580) : (605, 3, 0, 0)
(0, 2, 581) : (605, 3, 0, 0)
(0, 2, 582) : (605, 3, 0, 0)
(0, 2, 583) : (605, 3, 0, 0)
(0, 2, 584) : (605, 3, 0, 0)
(0, 2, 585) : (605, 3, 0, 0)
(0, 2, 586) : (605, 3, 0, 0)
(0, 2, 587) : (605, 3, 0, 0)
(0, 2, 588) : (605, 3, 0, 0)
(0, 2, 589) : (605, 3, 0, 0)
(0, 2, 590) : (605, 3, 0, 0)
(0, 2, 591) : (605, 3, 0, 0)
(0, 2, 592) : (605, 3, 0, 0)
(0, 2, 593) : (605, 3, 0, 0)
(0, 2, 594) : (605, 3, 0, 0)
(0, 2, 595) : (605, 3, 0, 0)
(0, 2, 596) : (605, 3, 0, 0)
(0, 2, 597) : (605, 3, 0, 0)
(0, 2, 598) : (605, 3, 0, 0)
(0, 2, 599) : (605, 3, 0, 0)
(0, 2, 600) : (605, 3, 0, 0)
(0, 2, 601) : (605, 3, 0, 0)
(0, 2, 602) : (605, 3, 0, 0)
(0, 2, 603) : (605, 3, 0, 0)
(0, 2, 604) : (605, 3, 0, 0)
(0, 2, 605) : (605, 3, 0, 0)
(0, 2, 606) : (605, 3, 0, 0)
(0, 2, 607) : (605, 3, 0, 0)
(0, 2, 608) : (605, 3, 0, 0)
(0, 2, 609) : (605, 3, 0, 0)
(0, 2, 610) : (605, 3, 0, 0)
(0, 2, 611) : (605, 3, 0, 0)
(0, 2, 612) : (605, 3, 0, 0)
(0, 2, 613) : (605, 3, 0, 0)
(0, 2, 614) : (605, 3, 0, 0)
(0, 2, 615) : (605, 3, 0, 0)
(0, 2, 616) : (605, 3, 0, 0)
(0, 2, 617) : (605, 3, 0, 0)
(0, 2, 618) : (605, 3, 0, 0)
(0, 2, 619) : (605, 3, 0, 0)
(0, 2, 620) : (605, 3, 0, 0)
(0, 2, 621) : (605, 3, 0, 0)
(0, 2, 622) : (605, 3, 0, 0)
(0, 2, 623) : (605, 3, 0, 0)
(0, 2, 624) : (605, 3, 0, 0)
(0, 2, 625) : (605, 3, 0, 0)
(0, 2, 626) : (605, 3, 0, 0)
(0, 2, 627) : (605, 3, 0, 0)
(0, 2, 628) : (605, 3, 0, 0)
=== (0, 2):  | @ 0m0s.337
(0, 3, 4) : (601, 3, 0, 0)
(0, 3, 5) : (603, 3, 0, 0)
(0, 3, 6) : (602, 3, 0, 0)
(0, 3, 7) : (601, 3, 0, 0)
(0, 3, 8) : (605, 3, 0, 0)
(0, 3, 9) : (603, 3, 0, 0)
(0, 3, 10) : (603, 3, 0, 0)
(0, 3, 11) : (604, 3, 0, 0)
(0, 3, 12) : (603, 3, 0, 0)
(0, 3, 13) : (605, 3, 0, 0)
(0, 3, 14) : (602, 3, 0, 0)
(0, 3, 15) : (602, 3, 0, 0)
(0, 3, 16) : (601, 3, 0, 0)
(0, 3, 17) : (603, 3, 0, 0)
(0, 3, 18) : (601, 3, 0, 0)
(0, 3, 19) : (603, 3, 0, 0)
(0, 3, 20) : (603, 3, 0, 0)
(0, 3, 21) : (601, 3, 0, 0)
(0, 3, 22) : (603, 3, 0, 0)
(0, 3, 23) : (603, 3, 0, 0)
(0, 3, 24) : (603, 3, 0, 0)
(0, 3, 25) : (602, 3, 0, 0)
(0, 3, 26) : (603, 3, 0, 0)
(0, 3, 27) : (602, 3, 0, 0)
(0, 3, 28) : (605, 3, 0, 0)
(0, 3, 29) : (605, 3, 0, 0)
(0, 3, 30) : (604, 3, 0, 0)
(0, 3, 31) : (602, 3, 0, 0)
(0, 3, 32) : (604, 3, 0, 0)
(0, 3, 33) : (604, 3, 0, 0)
(0, 3, 34) : (604, 3, 0, 0)
(0, 3, 35) : (603, 3, 0, 0)
(0, 3, 36) : (603, 3, 0, 0)
(0, 3, 37) : (603, 3, 0, 0)
(0, 3, 38) : (605, 3, 0, 0)
(0, 3, 39) : (605, 3, 0, 0)
(0, 3, 40) : (605, 3, 0, 0)
(0, 3, 41) : (605, 3, 0, 0)
(0, 3, 42) : (605, 3, 0, 0)
(0, 3, 43) : (605, 3, 0, 0)
(0, 3, 44) : (605, 3, 0, 0)
(0, 3, 45) : (605, 3, 0, 0)
(0, 3, 46) : (606, 3, 0, 0)
(0, 3, 47) : (603, 3, 0, 0)
(0, 3, 50) : (604, 3, 0, 0)
(0, 3, 51) : (605, 3, 0, 0)
(0, 3, 52) : (604, 3, 0, 0)
(0, 3, 53) : (603, 3, 0, 0)
(0, 3, 54) : (604, 3, 0, 0)
(0, 3, 55) : (604, 3, 0, 0)
(0, 3, 56) : (605, 3, 0, 0)
(0, 3, 57) : (604, 3, 0, 0)
(0, 3, 58) : (604, 3, 0, 0)
(0, 3, 59) : (605, 3, 0, 0)
(0, 3, 60) : (605, 3, 0, 0)
(0, 3, 61) : (606, 3, 0, 0)
(0, 3, 62) : (606, 3, 0, 0)
(0, 3, 63) : (605, 3, 0, 0)
(0, 3, 64) : (604, 3, 0, 0)
(0, 3, 65) : (605, 3, 0, 0)
(0, 3, 66) : (605, 3, 0, 0)
(0, 3, 67) : (604, 3, 0, 0)
(0, 3, 68) : (605, 3, 0, 0)
(0, 3, 69) : (602, 3, 0, 0)
(0, 3, 70) : (602, 3, 0, 0)
(0, 3, 71) : (602, 3, 0, 0)
(0, 3, 72) : (603, 3, 0, 0)
(0, 3, 73) : (604, 3, 0, 0)
(0, 3, 74) : (602, 3, 0, 0)
(0, 3, 75) : (605, 3, 0, 0)
(0, 3, 76) : (605, 3, 0, 0)
(0, 3, 77) : (601, 3, 0, 0)
(0, 3, 78) : (603, 3, 0, 0)
(0, 3, 79) : (604, 3, 0, 0)
(0, 3, 80) : (605, 3, 0, 0)
(0, 3, 81) : (604, 3, 0, 0)
(0, 3, 82) : (605, 3, 0, 0)
(0, 3, 83) : (605, 3, 0, 0)
(0, 3, 84) : (605, 3, 0, 0)
(0, 3, 85) : (605, 3, 0, 0)
(0, 3, 86) : (605, 3, 0, 0)
(0, 3, 87) : (605, 3, 0, 0)
(0, 3, 88) : (605, 3, 0, 0)
(0, 3, 89) : (605, 3, 0, 0)
(0, 3, 90) : (605, 3, 0, 0)
(0, 3, 91) : (605, 3, 0, 0)
(0, 3, 92) : (605, 3, 0, 0)
(0, 3, 93) : (606, 3, 0, 0)
(0, 3, 94) : (603, 3, 0, 0)
(0, 3, 95) : (606, 3, 0, 0)
(0, 3, 96) : (606, 3, 0, 0)
(0, 3, 97) : (606, 3, 0, 0)
(0, 3, 98) : (605, 4, 0, 0)
(0, 3, 99) : (606, 3, 0, 0)
(0, 3, 100) : (606, 3, 0, 0)
(0, 3, 101) : (607, 3, 0, 0)
(0, 3, 102) : (607, 4, 0, 0)
(0, 3, 103) : (607, 4, 0, 0)
(0, 3, 104) : (606, 3, 0, 0)
(0, 3, 105) : (606, 3, 0, 0)
(0, 3, 106) : (604, 3, 0, 0)
(0, 3, 107) : (607, 3, 0, 0)
(0, 3, 108) : (606, 3, 0, 0)
(0, 3, 109) : (606, 3, 0, 0)
(0, 3, 110) : (604, 3, 0, 0)
(0, 3, 111) : (606, 3, 0, 0)
(0, 3, 112) : (605, 3, 0, 0)
(0, 3, 113) : (606, 3, 0, 0)
(0, 3, 114) : (605, 3, 0, 0)
(0, 3, 115) : (605, 3, 0, 0)
(0, 3, 116) : (606, 3, 0, 0)
(0, 3, 117) : (606, 4, 0, 0)
(0, 3, 118) : (605, 3, 0, 0)
(0, 3, 119) : (606, 3, 0, 0)
(0, 3, 120) : (606, 3, 0, 0)
(0, 3, 121) : (606, 3, 0, 0)
(0, 3, 122) : (606, 3, 0, 0)
(0, 3, 123) : (606, 3, 0, 0)
(0, 3, 124) : (605, 3, 0, 0)
(0, 3, 125) : (606, 3, 0, 0)
(0, 3, 126) : (606, 3, 0, 0)
(0, 3, 127) : (607, 3, 0, 0)
(0, 3, 128) : (606, 3, 0, 0)
(0, 3, 129) : (606, 3, 0, 0)
(0, 3, 130) : (607, 3, 0, 0)
(0, 3, 131) : (605, 3, 0, 0)
(0, 3, 132) : (606, 3, 0, 0)
(0, 3, 133) : (606, 3, 0, 0)
(0, 3, 134) : (606, 3, 0, 0)
(0, 3, 135) : (606, 3, 0, 0)
(0, 3, 136) : (605, 3, 0, 0)
(0, 3, 137) : (605, 3, 0, 0)
(0, 3, 138) : (606, 3, 0, 0)
(0, 3, 139) : (606, 3, 0, 0)
(0, 3, 140) : (606, 3, 0, 0)
(0, 3, 141) : (606, 3, 0, 0)
(0, 3, 142) : (606, 3, 0, 0)
(0, 3, 143) : (605, 3, 0, 0)
(0, 3, 144) : (606, 3, 0, 0)
(0, 3, 145) : (607, 3, 0, 0)
(0, 3, 146) : (605, 3, 0, 0)
(0, 3, 147) : (606, 3, 0, 0)
(0, 3, 148) : (606, 3, 0, 0)
(0, 3, 149) : (605, 3, 0, 0)
(0, 3, 150) : (606, 3, 0, 0)
(0, 3, 151) : (606, 3, 0, 0)
(0, 3, 152) : (605, 3, 0, 0)
(0, 3, 153) : (606, 3, 0, 0)
(0, 3, 154) : (606, 3, 0, 0)
(0, 3, 155) : (605, 3, 0, 0)
(0, 3, 156) : (606, 3, 0, 0)
(0, 3, 157) : (606, 3, 0, 0)
(0, 3, 158) : (606, 3, 0, 0)
(0, 3, 159) : (605, 3, 0, 0)
(0, 3, 160) : (606, 3, 0, 0)
(0, 3, 161) : (605, 3, 0, 0)
(0, 3, 162) : (606, 3, 0, 0)
(0, 3, 163) : (603, 3, 0, 0)
(0, 3, 164) : (605, 3, 0, 0)
(0, 3, 165) : (606, 3, 0, 0)
(0, 3, 166) : (606, 3, 0, 0)
(0, 3, 167) : (605, 3, 0, 0)
(0, 3, 168) : (605, 3, 0, 0)
(0, 3, 169) : (606, 3, 0, 0)
(0, 3, 170) : (606, 3, 0, 0)
(0, 3, 171) : (605, 3, 0, 0)
(0, 3, 172) : (605, 3, 0, 0)
(0, 3, 173) : (605, 3, 0, 0)
(0, 3, 174) : (606, 3, 0, 0)
(0, 3, 175) : (605, 3, 0, 0)
(0, 3, 176) : (605, 3, 0, 0)
(0, 3, 177) : (606, 3, 0, 0)
(0, 3, 178) : (605, 3, 0, 0)
(0, 3, 179) : (605, 3, 0, 0)
(0, 3, 180) : (605, 3, 0, 0)
(0, 3, 181) : (606, 3, 0, 0)
(0, 3, 182) : (606, 3, 0, 0)
(0, 3, 183) : (606, 3, 0, 0)
(0, 3, 184) : (606, 3, 0, 0)
(0, 3, 185) : (606, 3, 0, 0)
(0, 3, 186) : (606, 3, 0, 0)
(0, 3, 187) : (605, 3, 0, 0)
(0, 3, 188) : (605, 3, 0, 0)
(0, 3, 189) : (605, 3, 0, 0)
(0, 3, 190) : (605, 3, 0, 0)
(0, 3, 191) : (606, 3, 0, 0)
(0, 3, 192) : (605, 3, 0, 0)
(0, 3, 193) : (606, 3, 0, 0)
(0, 3, 194) : (606, 3, 0, 0)
(0, 3, 195) : (606, 3, 0, 0)
(0, 3, 196) : (605, 3, 0, 0)
(0, 3, 197) : (606, 3, 0, 0)
(0, 3, 198) : (604, 3, 0, 0)
(0, 3, 199) : (607, 3, 0, 0)
(0, 3, 200) : (606, 3, 0, 0)
(0, 3, 201) : (606, 3, 0, 0)
(0, 3, 202) : (603, 3, 0, 0)
(0, 3, 203) : (606, 3, 0, 0)
(0, 3, 204) : (606, 3, 0, 0)
(0, 3, 205) : (606, 3, 0, 0)
(0, 3, 206) : (606, 3, 0, 0)
(0, 3, 207) : (606, 3, 0, 0)
(0, 3, 208) : (606, 3, 0, 0)
(0, 3, 209) : (606, 3, 0, 0)
(0, 3, 210) : (606, 3, 0, 0)
(0, 3, 211) : (607, 3, 0, 0)
(0, 3, 212) : (606, 3, 0, 0)
(0, 3, 213) : (606, 3, 0, 0)
(0, 3, 214) : (606, 3, 0, 0)
(0, 3, 215) : (606, 3, 0, 0)
(0, 3, 216) : (606, 3, 0, 0)
(0, 3, 217) : (606, 3, 0, 0)
(0, 3, 218) : (606, 3, 0, 0)
(0, 3, 219) : (606, 3, 0, 0)
(0, 3, 220) : (606, 3, 0, 0)
(0, 3, 221) : (606, 3, 0, 0)
(0, 3, 222) : (606, 3, 0, 0)
(0, 3, 223) : (605, 3, 0, 0)
(0, 3, 224) : (605, 3, 0, 0)
(0, 3, 225) : (605, 3, 0, 0)
(0, 3, 226) : (605, 3, 0, 0)
(0, 3, 227) : (605, 3, 0, 0)
(0, 3, 228) : (606, 3, 0, 0)
(0, 3, 229) : (606, 3, 0, 0)
(0, 3, 230) : (605, 3, 0, 0)
(0, 3, 231) : (605, 3, 0, 0)
(0, 3, 232) : (606, 3, 0, 0)
(0, 3, 233) : (606, 3, 0, 0)
(0, 3, 234) : (605, 3, 0, 0)
(0, 3, 235) : (605, 3, 0, 0)
(0, 3, 236) : (605, 3, 0, 0)
(0, 3, 237) : (605, 3, 0, 0)
(0, 3, 238) : (605, 3, 0, 0)
(0, 3, 239) : (605, 3, 0, 0)
(0, 3, 240) : (606, 3, 0, 0)
(0, 3, 241) : (606, 3, 0, 0)
(0, 3, 242) : (606, 3, 0, 0)
(0, 3, 243) : (606, 4, 0, 0)
(0, 3, 244) : (605, 3, 0, 0)
(0, 3, 245) : (606, 3, 0, 0)
(0, 3, 246) : (605, 3, 0, 0)
(0, 3, 247) : (606, 3, 0, 0)
(0, 3, 248) : (605, 3, 0, 0)
(0, 3, 249) : (606, 3, 0, 0)
(0, 3, 250) : (606, 3, 0, 0)
(0, 3, 251) : (605, 3, 0, 0)
(0, 3, 252) : (605, 3, 0, 0)
(0, 3, 253) : (605, 3, 0, 0)
(0, 3, 254) : (606, 3, 0, 0)
(0, 3, 255) : (605, 3, 0, 0)
(0, 3, 256) : (606, 3, 0, 0)
(0, 3, 257) : (606, 3, 0, 0)
(0, 3, 258) : (607, 3, 0, 0)
(0, 3, 259) : (606, 3, 0, 0)
(0, 3, 260) : (607, 3, 0, 0)
(0, 3, 261) : (606, 3, 0, 0)
(0, 3, 262) : (605, 3, 0, 0)
(0, 3, 263) : (605, 3, 0, 0)
(0, 3, 264) : (605, 3, 0, 0)
(0, 3, 265) : (605, 3, 0, 0)
(0, 3, 266) : (605, 3, 0, 0)
(0, 3, 267) : (605, 3, 0, 0)
(0, 3, 268) : (606, 3, 0, 0)
(0, 3, 269) : (605, 3, 0, 0)
(0, 3, 270) : (606, 3, 0, 0)
(0, 3, 271) : (605, 3, 0, 0)
(0, 3, 272) : (605, 3, 0, 0)
(0, 3, 274) : (605, 3, 0, 0)
(0, 3, 275) : (606, 3, 0, 0)
(0, 3, 278) : (606, 3, 0, 0)
(0, 3, 279) : (608, 4, 0, 0)
(0, 3, 280) : (601, 3, 0, 0)
(0, 3, 282) : (607, 3, 0, 0)
(0, 3, 283) : (606, 3, 0, 0)
(0, 3, 284) : (606, 3, 0, 0)
(0, 3, 285) : (602, 3, 0, 0)
(0, 3, 288) : (605, 3, 0, 0)
(0, 3, 289) : (602, 3, 0, 0)
(0, 3, 290) : (607, 3, 0, 0)
(0, 3, 293) : (607, 3, 0, 0)
(0, 3, 294) : (606, 3, 0, 0)
(0, 3, 296) : (601, 3, 0, 0)
(0, 3, 297) : (605, 3, 0, 0)
(0, 3, 298) : (605, 3, 0, 0)
(0, 3, 299) : (605, 3, 0, 0)
(0, 3, 300) : (605, 3, 0, 0)
(0, 3, 301) : (606, 3, 0, 0)
(0, 3, 302) : (606, 3, 0, 0)
(0, 3, 303) : (605, 3, 0, 0)
(0, 3, 304) : (606, 3, 0, 0)
(0, 3, 305) : (605, 3, 0, 0)
(0, 3, 306) : (606, 3, 0, 0)
(0, 3, 307) : (606, 3, 0, 0)
(0, 3, 308) : (606, 3, 0, 0)
(0, 3, 309) : (606, 3, 0, 0)
(0, 3, 310) : (606, 3, 0, 0)
(0, 3, 311) : (606, 3, 0, 0)
(0, 3, 312) : (606, 3, 0, 0)
(0, 3, 313) : (607, 3, 0, 0)
(0, 3, 314) : (606, 3, 0, 0)
(0, 3, 315) : (606, 3, 0, 0)
(0, 3, 316) : (606, 3, 0, 0)
(0, 3, 317) : (605, 3, 0, 0)
(0, 3, 318) : (606, 3, 0, 0)
(0, 3, 319) : (605, 3, 0, 0)
(0, 3, 320) : (605, 3, 0, 0)
(0, 3, 321) : (606, 3, 0, 0)
(0, 3, 322) : (605, 3, 0, 0)
(0, 3, 323) : (602, 3, 0, 0)
(0, 3, 324) : (607, 3, 0, 0)
(0, 3, 326) : (604, 3, 0, 0)
(0, 3, 327) : (607, 3, 0, 0)
(0, 3, 328) : (606, 3, 0, 0)
(0, 3, 329) : (604, 3, 0, 0)
(0, 3, 330) : (600, 3, 0, 0)
(0, 3, 331) : (604, 3, 0, 0)
(0, 3, 332) : (601, 3, 0, 0)
(0, 3, 333) : (605, 3, 0, 0)
(0, 3, 334) : (606, 3, 0, 0)
(0, 3, 335) : (606, 3, 0, 0)
(0, 3, 336) : (607, 3, 0, 0)
(0, 3, 337) : (606, 3, 0, 0)
(0, 3, 338) : (606, 3, 0, 0)
(0, 3, 339) : (606, 3, 0, 0)
(0, 3, 340) : (606, 3, 0, 0)
(0, 3, 341) : (605, 3, 0, 0)
(0, 3, 342) : (606, 4, 0, 0)
(0, 3, 343) : (605, 4, 0, 0)
(0, 3, 344) : (605, 3, 0, 0)
(0, 3, 345) : (606, 3, 0, 0)
(0, 3, 346) : (605, 3, 0, 0)
(0, 3, 347) : (605, 3, 0, 0)
(0, 3, 348) : (606, 3, 0, 0)
(0, 3, 349) : (606, 3, 0, 0)
(0, 3, 350) : (606, 3, 0, 0)
(0, 3, 351) : (606, 3, 0, 0)
(0, 3, 352) : (605, 3, 0, 0)
(0, 3, 353) : (605, 3, 0, 0)
(0, 3, 354) : (605, 3, 0, 0)
(0, 3, 355) : (606, 3, 0, 0)
(0, 3, 356) : (605, 3, 0, 0)
(0, 3, 357) : (606, 3, 0, 0)
(0, 3, 358) : (605, 3, 0, 0)
(0, 3, 359) : (606, 3, 0, 0)
(0, 3, 360) : (605, 3, 0, 0)
(0, 3, 361) : (607, 3, 0, 0)
(0, 3, 362) : (605, 3, 0, 0)
(0, 3, 363) : (607, 3, 0, 0)
(0, 3, 364) : (606, 3, 0, 0)
(0, 3, 365) : (606, 3, 0, 0)
(0, 3, 366) : (606, 3, 0, 0)
(0, 3, 367) : (606, 3, 0, 0)
(0, 3, 368) : (606, 3, 0, 0)
(0, 3, 369) : (607, 3, 0, 0)
(0, 3, 370) : (607, 3, 0, 0)
(0, 3, 371) : (607, 3, 0, 0)
(0, 3, 372) : (606, 3, 0, 0)
(0, 3, 373) : (606, 3, 0, 0)
(0, 3, 374) : (606, 3, 0, 0)
(0, 3, 375) : (606, 3, 0, 0)
(0, 3, 376) : (606, 3, 0, 0)
(0, 3, 377) : (606, 3, 0, 0)
(0, 3, 378) : (606, 3, 0, 0)
(0, 3, 379) : (606, 3, 0, 0)
(0, 3, 380) : (606, 3, 0, 0)
(0, 3, 381) : (607, 3, 0, 0)
(0, 3, 382) : (606, 3, 0, 0)
(0, 3, 383) : (606, 3, 0, 0)
(0, 3, 384) : (606, 3, 0, 0)
(0, 3, 385) : (606, 3, 0, 0)
(0, 3, 386) : (606, 3, 0, 0)
(0, 3, 387) : (606, 3, 0, 0)
(0, 3, 388) : (606, 3, 0, 0)
(0, 3, 389) : (606, 3, 0, 0)
(0, 3, 390) : (606, 3, 0, 0)
(0, 3, 391) : (606, 3, 0, 0)
(0, 3, 392) : (606, 3, 0, 0)
(0, 3, 393) : (601, 3, 0, 0)
(0, 3, 394) : (604, 3, 0, 0)
(0, 3, 395) : (604, 3, 0, 0)
(0, 3, 396) : (600, 3, 0, 0)
(0, 3, 397) : (604, 3, 0, 0)
(0, 3, 398) : (606, 3, 0, 0)
(0, 3, 399) : (607, 3, 0, 0)
(0, 3, 400) : (607, 3, 0, 0)
(0, 3, 401) : (606, 3, 0, 0)
(0, 3, 402) : (606, 3, 0, 0)
(0, 3, 403) : (607, 3, 0, 0)
(0, 3, 404) : (607, 3, 0, 0)
(0, 3, 405) : (607, 3, 0, 0)
(0, 3, 406) : (605, 3, 0, 0)
(0, 3, 407) : (601, 3, 0, 0)
(0, 3, 408) : (606, 3, 0, 0)
(0, 3, 409) : (606, 3, 0, 0)
(0, 3, 410) : (606, 3, 0, 0)
(0, 3, 411) : (605, 3, 0, 0)
(0, 3, 412) : (606, 3, 0, 0)
(0, 3, 413) : (607, 3, 0, 0)
(0, 3, 414) : (605, 3, 0, 0)
(0, 3, 415) : (605, 3, 0, 0)
(0, 3, 416) : (605, 3, 0, 0)
(0, 3, 417) : (606, 3, 0, 0)
(0, 3, 418) : (607, 3, 0, 0)
(0, 3, 419) : (607, 3, 0, 0)
(0, 3, 420) : (606, 3, 0, 0)
(0, 3, 421) : (606, 3, 0, 0)
(0, 3, 422) : (607, 3, 0, 0)
(0, 3, 423) : (606, 3, 0, 0)
(0, 3, 424) : (606, 3, 0, 0)
(0, 3, 425) : (606, 3, 0, 0)
(0, 3, 426) : (606, 3, 0, 0)
(0, 3, 427) : (606, 3, 0, 0)
(0, 3, 428) : (605, 3, 0, 0)
(0, 3, 429) : (605, 3, 0, 0)
(0, 3, 430) : (606, 3, 0, 0)
(0, 3, 431) : (606, 3, 0, 0)
(0, 3, 432) : (605, 3, 0, 0)
(0, 3, 433) : (606, 3, 0, 0)
(0, 3, 434) : (605, 3, 0, 0)
(0, 3, 435) : (606, 3, 0, 0)
(0, 3, 436) : (606, 3, 0, 0)
(0, 3, 437) : (605, 3, 0, 0)
(0, 3, 438) : (605, 3, 0, 0)
(0, 3, 439) : (606, 3, 0, 0)
(0, 3, 440) : (601, 3, 0, 0)
(0, 3, 441) : (601, 3, 0, 0)
(0, 3, 442) : (603, 3, 0, 0)
(0, 3, 443) : (607, 3, 0, 0)
(0, 3, 444) : (602, 3, 0, 0)
(0, 3, 445) : (605, 3, 0, 0)
(0, 3, 446) : (606, 3, 0, 0)
(0, 3, 447) : (605, 3, 0, 0)
(0, 3, 448) : (602, 3, 0, 0)
(0, 3, 449) : (605, 3, 0, 0)
(0, 3, 450) : (606, 3, 0, 0)
(0, 3, 451) : (606, 3, 0, 0)
(0, 3, 452) : (606, 3, 0, 0)
(0, 3, 453) : (606, 3, 0, 0)
(0, 3, 454) : (606, 3, 0, 0)
(0, 3, 455) : (606, 3, 0, 0)
(0, 3, 456) : (605, 3, 0, 0)
(0, 3, 457) : (605, 3, 0, 0)
(0, 3, 458) : (605, 3, 0, 0)
(0, 3, 459) : (605, 3, 0, 0)
(0, 3, 460) : (606, 3, 0, 0)
(0, 3, 461) : (605, 3, 0, 0)
(0, 3, 462) : (606, 3, 0, 0)
(0, 3, 463) : (605, 3, 0, 0)
(0, 3, 464) : (606, 3, 0, 0)
(0, 3, 465) : (605, 3, 0, 0)
(0, 3, 466) : (606, 3, 0, 0)
(0, 3, 467) : (605, 3, 0, 0)
(0, 3, 468) : (605, 3, 0, 0)
(0, 3, 469) : (607, 3, 0, 0)
(0, 3, 470) : (606, 3, 0, 0)
(0, 3, 471) : (606, 3, 0, 0)
(0, 3, 472) : (607, 3, 0, 0)
(0, 3, 473) : (606, 3, 0, 0)
(0, 3, 474) : (607, 3, 0, 0)
(0, 3, 475) : (606, 3, 0, 0)
(0, 3, 476) : (606, 3, 0, 0)
(0, 3, 477) : (606, 3, 0, 0)
(0, 3, 478) : (607, 3, 0, 0)
(0, 3, 479) : (606, 3, 0, 0)
(0, 3, 480) : (606, 3, 0, 0)
(0, 3, 481) : (606, 3, 0, 0)
(0, 3, 482) : (606, 3, 0, 0)
(0, 3, 483) : (606, 3, 0, 0)
(0, 3, 484) : (606, 3, 0, 0)
(0, 3, 485) : (606, 3, 0, 0)
(0, 3, 486) : (607, 3, 0, 0)
(0, 3, 487) : (606, 3, 0, 0)
(0, 3, 488) : (606, 3, 0, 0)
(0, 3, 489) : (606, 3, 0, 0)
(0, 3, 490) : (606, 3, 0, 0)
(0, 3, 491) : (606, 3, 0, 0)
(0, 3, 492) : (606, 3, 0, 0)
(0, 3, 493) : (606, 3, 0, 0)
(0, 3, 494) : (606, 3, 0, 0)
(0, 3, 495) : (606, 3, 0, 0)
(0, 3, 496) : (606, 3, 0, 0)
(0, 3, 497) : (606, 3, 0, 0)
(0, 3, 498) : (606, 3, 0, 0)
(0, 3, 499) : (605, 3, 0, 0)
(0, 3, 500) : (605, 3, 0, 0)
(0, 3, 501) : (606, 3, 0, 0)
(0, 3, 502) : (605, 3, 0, 0)
(0, 3, 503) : (606, 3, 0, 0)
(0, 3, 504) : (605, 3, 0, 0)
(0, 3, 505) : (606, 3, 0, 0)
(0, 3, 506) : (605, 3, 0, 0)
(0, 3, 507) : (606, 3, 0, 0)
(0, 3, 508) : (605, 3, 0, 0)
(0, 3, 509) : (600, 3, 0, 0)
(0, 3, 510) : (601, 3, 0, 0)
(0, 3, 512) : (604, 3, 0, 0)
(0, 3, 513) : (605, 3, 0, 0)
(0, 3, 514) : (601, 3, 0, 0)
(0, 3, 515) : (601, 3, 0, 0)
(0, 3, 516) : (606, 3, 0, 0)
(0, 3, 517) : (606, 3, 0, 0)
(0, 3, 518) : (601, 3, 0, 0)
(0, 3, 519) : (600, 3, 0, 0)
(0, 3, 520) : (607, 3, 0, 0)
(0, 3, 521) : (606, 3, 0, 0)
(0, 3, 522) : (607, 3, 0, 0)
(0, 3, 523) : (607, 3, 0, 0)
(0, 3, 524) : (607, 3, 0, 0)
(0, 3, 525) : (606, 3, 0, 0)
(0, 3, 526) : (605, 3, 0, 0)
(0, 3, 527) : (605, 3, 0, 0)
(0, 3, 528) : (606, 3, 0, 0)
(0, 3, 529) : (605, 3, 0, 0)
(0, 3, 530) : (606, 3, 0, 0)
(0, 3, 531) : (605, 3, 0, 0)
(0, 3, 532) : (606, 3, 0, 0)
(0, 3, 533) : (606, 3, 0, 0)
(0, 3, 534) : (606, 3, 0, 0)
(0, 3, 535) : (607, 3, 0, 0)
(0, 3, 536) : (606, 3, 0, 0)
(0, 3, 537) : (606, 3, 0, 0)
(0, 3, 538) : (605, 3, 0, 0)
(0, 3, 539) : (606, 3, 0, 0)
(0, 3, 540) : (607, 3, 0, 0)
(0, 3, 541) : (606, 3, 0, 0)
(0, 3, 542) : (607, 3, 0, 0)
(0, 3, 543) : (606, 3, 0, 0)
(0, 3, 544) : (606, 3, 0, 0)
(0, 3, 545) : (606, 3, 0, 0)
(0, 3, 546) : (607, 3, 0, 0)
(0, 3, 547) : (606, 3, 0, 0)
(0, 3, 548) : (606, 3, 0, 0)
(0, 3, 549) : (605, 3, 0, 0)
(0, 3, 550) : (605, 3, 0, 0)
(0, 3, 551) : (606, 3, 0, 0)
(0, 3, 552) : (605, 3, 0, 0)
(0, 3, 553) : (606, 3, 0, 0)
(0, 3, 554) : (605, 3, 0, 0)
(0, 3, 555) : (606, 3, 0, 0)
(0, 3, 556) : (605, 3, 0, 0)
(0, 3, 557) : (606, 3, 0, 0)
(0, 3, 558) : (605, 3, 0, 0)
(0, 3, 559) : (606, 3, 0, 0)
(0, 3, 560) : (607, 3, 0, 0)
(0, 3, 561) : (607, 3, 0, 0)
(0, 3, 562) : (607, 3, 0, 0)
(0, 3, 563) : (606, 3, 0, 0)
(0, 3, 564) : (606, 3, 0, 0)
(0, 3, 565) : (606, 3, 0, 0)
(0, 3, 566) : (607, 3, 0, 0)
(0, 3, 567) : (606, 3, 0, 0)
(0, 3, 568) : (606, 3, 0, 0)
(0, 3, 569) : (605, 3, 0, 0)
(0, 3, 570) : (605, 3, 0, 0)
(0, 3, 571) : (605, 3, 0, 0)
(0, 3, 572) : (605, 3, 0, 0)
(0, 3, 573) : (605, 3, 0, 0)
(0, 3, 574) : (605, 3, 0, 0)
(0, 3, 575) : (605, 3, 0, 0)
(0, 3, 576) : (605, 3, 0, 0)
(0, 3, 577) : (605, 3, 0, 0)
(0, 3, 578) : (605, 3, 0, 0)
(0, 3, 579) : (605, 3, 0, 0)
(0, 3, 580) : (605, 3, 0, 0)
(0, 3, 581) : (605, 3, 0, 0)
(0, 3, 582) : (605, 3, 0, 0)
(0, 3, 583) : (605, 3, 0, 0)
(0, 3, 584) : (605, 3, 0, 0)
(0, 3, 585) : (605, 3, 0, 0)
(0, 3, 586) : (605, 3, 0, 0)
(0, 3, 587) : (605, 3, 0, 0)
(0, 3, 588) : (605, 3, 0, 0)
(0, 3, 589) : (605, 3, 0, 0)
(0, 3, 590) : (605, 3, 0, 0)
(0, 3, 591) : (605, 3, 0, 0)
(0, 3, 592) : (605, 3, 0, 0)
(0, 3, 593) : (605, 3, 0, 0)
(0, 3, 594) : (605, 3, 0, 0)
(0, 3, 595) : (605, 3, 0, 0)
(0, 3, 596) : (605, 3, 0, 0)
(0, 3, 597) : (605, 3, 0, 0)
(0, 3, 598) : (605, 3, 0, 0)
(0, 3, 599) : (605, 3, 0, 0)
(0, 3, 600) : (605, 3, 0, 0)
(0, 3, 601) : (605, 3, 0, 0)
(0, 3, 602) : (605, 3, 0, 0)
(0, 3, 603) : (605, 3, 0, 0)
(0, 3, 604) : (605, 3, 0, 0)
(0, 3, 605) : (605, 3, 0, 0)
(0, 3, 606) : (605, 3, 0, 0)
(0, 3, 607) : (605, 3, 0, 0)
(0, 3, 608) : (605, 3, 0, 0)
(0, 3, 609) : (605, 3, 0, 0)
(0, 3, 610) : (605, 3, 0, 0)
(0, 3, 611) : (605, 3, 0, 0)
(0, 3, 612) : (605, 3, 0, 0)
(0, 3, 613) : (605, 3, 0, 0)
(0, 3, 614) : (605, 3, 0, 0)
(0, 3, 615) : (605, 3, 0, 0)
(0, 3, 616) : (605, 3, 0, 0)
(0, 3, 617) : (605, 3, 0, 0)
(0, 3, 618) : (605, 3, 0, 0)
(0, 3, 619) : (605, 3, 0, 0)
(0, 3, 620) : (605, 3, 0, 0)
(0, 3, 621) : (605, 3, 0, 0)
(0, 3, 622) : (605, 3, 0, 0)
(0, 3, 623) : (605, 3, 0, 0)
(0, 3, 624) : (605, 3, 0, 0)
(0, 3, 625) : (605, 3, 0, 0)
(0, 3, 626) : (605, 3, 0, 0)
(0, 3, 627) : (605, 3, 0, 0)
(0, 3, 628) : (605, 3, 0, 0)
=== (0, 3):  | @ 0m0s.657
