(602, 3, 0, 0) : 600
(601, 3, 0, 0) : 404
(604, 3, 0, 0) : 3041
(605, 3, 0, 0) : 3704
(603, 3, 0, 0) : 2112
(606, 3, 0, 0) : 5598
(607, 3, 0, 0) : 11115
(606, 4, 0, 0) : 5846
(600, 3, 0, 0) : 202
(605, 3, 0, -1) : 2
(605, 4, 0, 0) : 4038
(607, 4, 0, 0) : 24893
(606, 3, 0, -1) : 8
(608, 4, 0, 0) : 47430
(601, 4, 0, 0) : 165
(604, 4, 0, 0) : 3179
(603, 4, 0, 0) : 1852
(600, 4, 0, 0) : 70
(602, 4, 0, 0) : 303
(599, 3, 0, 0) : 108
(599, 4, 0, 0) : 31
(597, 3, -1, 0) : 1
(603, 3, 0, -1) : 10
(604, 3, 0, -1) : 6
(598, 3, 0, 0) : 23
(609, 4, 0, 0) : 33038
(609, 3, 0, 0) : 12681
(608, 3, 0, 0) : 17200
(597, 3, 0, 0) : 4
(598, 4, 0, 0) : 14
(596, 3, 0, 0) : 3
(604, 4, 0, -1) : 3
(606, 4, 0, -1) : 3
(605, 4, 0, -1) : 3
(610, 4, 0, 0) : 8032
(607, 3, 0, -1) : 14
(610, 3, 0, 0) : 3965
(611, 3, 0, 0) : 349
(611, 4, 0, 0) : 631
(612, 4, 0, 0) : 16
(612, 3, 0, 0) : 11
(608, 3, 0, -1) : 8
(608, 4, 0, -1) : 10
(609, 3, 0, -1) : 2
(604, 3, -1, 0) : 1
(607, 4, 0, -1) : 6
(605, 4, -1, 0) : 3
(602, 3, -1, 0) : 1
(603, 4, 0, -1) : 1
(609, 4, 0, -1) : 1
(606, 4, -1, 0) : 1
(608, 4, 0, -2) : 1
(607, 3, 0, -2) : 1
(606, 3, 0, -2) : 1
(602, 4, -1, 0) : 1
(603, 4, -1, 0) : 1
(596, 4, 0, 0) : 1
(597, 4, 0, 0) : 1
(608, 3, 0, -2) : 1
