(548, 2, -1, 0) : 1
(549, 2, -1, 0) : 5
(550, 2, -1, 0) : 5
(550, 3, -1, 0) : 1
(551, 2, -1, 0) : 12
(551, 3, -1, 0) : 2
(552, 2, -1, 0) : 22
(552, 2, 0, 0) : 1
(552, 3, -1, 0) : 4
(553, 2, -1, 0) : 18
(553, 2, 0, 0) : 4
(553, 3, -1, 0) : 16
(554, 2, -1, -1) : 1
(554, 2, -1, 0) : 24
(554, 2, 0, -1) : 2
(554, 2, 0, 0) : 31
(554, 3, -1, 0) : 30
(555, 2, -1, 0) : 35
(555, 2, 0, -3) : 2
(555, 2, 0, -1) : 3
(555, 2, 0, 0) : 78
(555, 3, -1, 0) : 50
(556, 2, -1, -1) : 5
(556, 2, -1, 0) : 50
(556, 2, 0, -3) : 1
(556, 2, 0, -1) : 10
(556, 2, 0, 0) : 133
(556, 3, -1, 0) : 76
(557, 2, -1, -1) : 6
(557, 2, -1, 0) : 51
(557, 2, 0, -4) : 1
(557, 2, 0, -3) : 2
(557, 2, 0, -2) : 2
(557, 2, 0, -1) : 9
(557, 2, 0, 0) : 314
(557, 3, -1, 0) : 215
(558, 2, -1, -1) : 2
(558, 2, -1, 0) : 83
(558, 2, 0, -3) : 1
(558, 2, 0, -2) : 6
(558, 2, 0, -1) : 23
(558, 2, 0, 0) : 631
(558, 3, -2, 0) : 2
(558, 3, -1, 0) : 399
(559, 2, -1, -2) : 1
(559, 2, -1, -1) : 2
(559, 2, -1, 0) : 102
(559, 2, 0, -3) : 2
(559, 2, 0, -2) : 5
(559, 2, 0, -1) : 31
(559, 2, 0, 0) : 1256
(559, 3, -2, 0) : 1
(559, 3, -1, 0) : 346
(560, 2, -1, -1) : 15
(560, 2, -1, 0) : 77
(560, 2, 0, -3) : 3
(560, 2, 0, -2) : 5
(560, 2, 0, -1) : 57
(560, 2, 0, 0) : 2537
(560, 3, -1, 0) : 200
(561, 2, -1, -1) : 10
(561, 2, -1, 0) : 119
(561, 2, 0, -4) : 1
(561, 2, 0, -3) : 1
(561, 2, 0, -2) : 7
(561, 2, 0, -1) : 81
(561, 2, 0, 0) : 4578
(561, 3, -1, 0) : 641
(561, 3, 0, 0) : 4
(562, 2, -1, -1) : 6
(562, 2, -1, 0) : 218
(562, 2, 0, -4) : 1
(562, 2, 0, -3) : 9
(562, 2, 0, -2) : 4
(562, 2, 0, -1) : 116
(562, 2, 0, 0) : 6731
(562, 3, -1, 0) : 1075
(562, 3, 0, 0) : 7
(563, 2, -1, 0) : 139
(563, 2, 0, -3) : 2
(563, 2, 0, -2) : 1
(563, 2, 0, -1) : 114
(563, 2, 0, 0) : 9370
(563, 3, -1, 0) : 613
(563, 3, 0, 0) : 26
(564, 2, -1, 0) : 39
(564, 2, 0, -3) : 3
(564, 2, 0, -2) : 6
(564, 2, 0, -1) : 387
(564, 2, 0, 0) : 12111
(564, 3, -1, 0) : 150
(564, 3, 0, 0) : 23
(565, 2, -1, 0) : 3
(565, 2, 0, -2) : 6
(565, 2, 0, -1) : 523
(565, 2, 0, 0) : 22585
(565, 3, -1, 0) : 16
(565, 3, 0, 0) : 47
(566, 2, -1, 0) : 3
(566, 2, 0, -2) : 4
(566, 2, 0, -1) : 206
(566, 2, 0, 0) : 40466
(566, 3, 0, 0) : 47
(567, 2, 0, -1) : 52
(567, 2, 0, 0) : 37056
(567, 3, 0, 0) : 320
(568, 2, 0, -1) : 6
(568, 2, 0, 0) : 16130
(568, 3, 0, 0) : 395
(569, 2, 0, 0) : 3613
(569, 3, 0, 0) : 116
(570, 2, 0, 0) : 419
(570, 3, 0, 0) : 14
(571, 2, 0, 0) : 20
=== 0: 165649 | @ 1m28s.815
