(527, 2, -5, 0) : 1
(534, 2, -3, 0) : 1
(536, 2, -3, 0) : 2
(537, 2, -3, 0) : 1
(538, 2, -3, 0) : 1
(540, 2, -3, 0) : 1
(541, 2, -3, 0) : 2
(541, 2, -2, 0) : 3
(542, 2, -3, 0) : 2
(542, 2, -2, -1) : 1
(542, 2, -1, 0) : 1
(543, 2, -2, -1) : 1
(543, 2, -2, 0) : 1
(544, 2, -1, 0) : 1
(545, 2, -1, -1) : 1
(545, 2, -1, 0) : 4
(546, 2, -2, -1) : 2
(546, 2, -2, 0) : 4
(546, 2, -1, 0) : 11
(547, 2, -2, 0) : 1
(547, 2, -1, 0) : 17
(548, 2, -2, 0) : 1
(548, 2, -1, 0) : 19
(549, 2, -1, -1) : 3
(549, 2, -1, 0) : 26
(550, 2, -1, -1) : 1
(550, 2, -1, 0) : 155
(551, 2, -1, -1) : 1
(551, 2, -1, 0) : 203
(552, 2, -1, -1) : 1
(552, 2, -1, 0) : 80
(553, 2, -1, 0) : 7
(554, 2, -1, 0) : 1
=== 443: 557 | @ 0m2s.11
