(0, 0, 0, -11, -8, 1, 0.0) : 4
(0, 0, 0, -11, -10, 1, 0.0) : 1
(0, 0, 0, -11, -7, 1, 0.0) : 3
(0, 0, 0, -10, -8, 2, 0.0) : 3
(0, 0, 0, -10, -3, 2, 0.0) : 3
(0, 0, 0, -12, -7, 0, 0) : 2
(0, 0, 0, -12, -9, 0, 0) : 1
(0, 0, 0, -10, -7, 2, 0.0) : 3
(0, 0, 0, -10, -2, 2, 0.0) : 1
(0, 0, 0, -11, -4, 1, 0.0) : 1
(0, 0, 0, -11, -5, 1, 0.0) : 2
(0, 0, 0, -12, -8, 0, 0) : 1
(0, 0, 0, -10, -5, 2, 0.0) : 1
(0, 0, 0, -11, -3, 1, 0.0) : 1
(1, 0, 0, -9, -5, 3, 0.3333333333333333) : 2
(1, 0, 1, -9, -4, 3, 0.3333333333333333) : 1
(1, 0, 1, -9, -2, 3, 0.3333333333333333) : 1
(1, 0, 1, -10, -8, 2, 0.5) : 1
(1, 0, 1, -10, -6, 2, 0.5) : 1
(1, 0, 1, -10, -4, 2, 0.5) : 1
(2, 0, 2, -9, 0, 3, 0.6666666666666666) : 2
(2, 0, 2, -9, -3, 3, 0.6666666666666666) : 2
(2, 0, 2, -9, -2, 3, 0.6666666666666666) : 2
(2, 0, 0, -9, -6, 3, 0.6666666666666666) : 1
(2, 0, 2, -9, -5, 3, 0.6666666666666666) : 1
(2, 0, 2, -9, -4, 3, 0.6666666666666666) : 1
(2, 0, 0, -9, -5, 3, 0.6666666666666666) : 1
(3, 0, 2, -8, -6, 4, 0.75) : 1
(3, 0, 1, -8, -7, 4, 0.75) : 1
(3, 0, 3, -8, -7, 4, 0.75) : 1
(2, 0, 2, -10, -8, 2, 1.0) : 2
(2, 0, 2, -10, -7, 2, 1.0) : 1
(2, 0, 2, -10, -3, 2, 1.0) : 1
(3, 0, 3, -9, -6, 3, 1.0) : 1
(3, 0, 3, -9, -8, 3, 1.0) : 1
(4, 0, 2, -8, -7, 4, 1.0) : 1
(4, 0, 3, -8, -8, 4, 1.0) : 1
(4, 0, 3, -8, -7, 4, 1.0) : 1
(5, 0, 5, -7, -8, 5, 1.0) : 1
(6, 0, 3, -7, -7, 5, 1.2) : 1
(6, 0, 5, -7, -10, 5, 1.2) : 1
(6, 0, 4, -7, -5, 5, 1.2) : 1
(5, 0, 4, -8, -9, 4, 1.25) : 1
(5, 0, 5, -8, -3, 4, 1.25) : 1
(4, 0, 4, -9, -8, 3, 1.3333333333333333) : 1
(8, 0, 5, -6, -1, 6, 1.3333333333333333) : 1
(8, 0, 6, -6, -1, 6, 1.3333333333333333) : 1
(7, 0, 4, -7, -6, 5, 1.4) : 1
(7, 0, 6, -7, -6, 5, 1.4) : 1
(6, 0, 5, -8, -1, 4, 1.5) : 1
(11, 0, 6, -5, 0, 7, 1.5714285714285714) : 1
(11, 0, 6, -5, -7, 7, 1.5714285714285714) : 1
(5, 0, 3, -9, -5, 3, 1.6666666666666667) : 1
(5, 0, 5, -9, -8, 3, 1.6666666666666667) : 1
(12, 0, 8, -5, -7, 7, 1.7142857142857142) : 1
(9, 0, 9, -7, -4, 5, 1.8) : 1
(9, 0, 7, -7, -1, 5, 1.8) : 1
(11, 0, 7, -6, -3, 6, 1.8333333333333333) : 1
(13, 0, 9, -5, -9, 7, 1.8571428571428572) : 1
(15, 0, 4, -4, -1, 8, 1.875) : 1
(10, 0, 9, -7, -6, 5, 2.0) : 1
(12, 0, 9, -6, -7, 6, 2.0) : 1
(16, 0, 5, -4, -7, 8, 2.0) : 1
(18, 0, 0, -3, -7, 9, 2.0) : 1
(17, 0, 9, -4, -6, 8, 2.125) : 1
(11, 0, 6, -7, -2, 5, 2.2) : 1
(23, 0, 15, -2, -2, 10, 2.3) : 1
(14, 0, 10, -6, -8, 6, 2.3333333333333335) : 1
(28, 0, 12, 0, -5, 12, 2.3333333333333335) : 2
(26, 0, 16, -1, -1, 11, 2.3636363636363638) : 1
(24, 0, 16, -2, -4, 10, 2.4) : 3
(24, 0, 16, -2, -3, 10, 2.4) : 3
(23, 0, 15, -3, -6, 9, 2.5555555555555554) : 1
(8, 2, 8, -8, -1, 4, 2.0) : 2
(8, 2, 8, -8, -3, 4, 2.0) : 1
(23, 2, 10, -2, -6, 10, 2.3) : 4
(23, 2, 10, -2, -3, 10, 2.3) : 2
(26, 2, 8, -1, -6, 11, 2.3636363636363638) : 3
(26, 2, 8, -1, -3, 11, 2.3636363636363638) : 2
(26, 2, 8, -1, -2, 11, 2.3636363636363638) : 1
(19, 2, 11, -4, -2, 8, 2.375) : 6
(19, 2, 14, -4, -5, 8, 2.375) : 3
(19, 2, 14, -4, -4, 8, 2.375) : 1
(27, 2, 12, -1, -5, 11, 2.4545454545454546) : 4
(25, 2, 11, -2, -1, 10, 2.5) : 1
(25, 2, 13, -2, -3, 10, 2.5) : 2
(23, 2, 13, -3, -4, 9, 2.5555555555555554) : 2
(26, 2, 15, -2, -2, 10, 2.6) : 2
(26, 2, 11, -2, -2, 10, 2.6) : 2
(29, 2, 14, -1, -2, 11, 2.6363636363636362) : 6
(29, 2, 16, -1, -2, 11, 2.6363636363636362) : 4
(29, 2, 15, -1, -3, 11, 2.6363636363636362) : 4
(29, 2, 17, -1, -4, 11, 2.6363636363636362) : 2
(29, 2, 17, -1, -3, 11, 2.6363636363636362) : 2
(29, 2, 17, -1, -2, 11, 2.6363636363636362) : 4
(24, 2, 14, -3, -5, 9, 2.6666666666666665) : 2
(24, 2, 14, -3, -6, 9, 2.6666666666666665) : 2
(32, 2, 15, 0, -4, 12, 2.6666666666666665) : 4
(32, 2, 16, 0, -4, 12, 2.6666666666666665) : 4
(30, 2, 17, -1, -2, 11, 2.727272727272727) : 4
(33, 2, 19, 0, -2, 12, 2.75) : 1
(33, 2, 21, 0, -3, 12, 2.75) : 4
(33, 2, 19, 0, -3, 12, 2.75) : 2
(33, 2, 21, 0, -4, 12, 2.75) : 2
(28, 2, 12, -2, -2, 10, 2.8) : 1
(28, 2, 12, -2, -1, 10, 2.8) : 1
(31, 2, 15, -1, 0, 11, 2.8181818181818183) : 4
(31, 2, 18, -1, -1, 11, 2.8181818181818183) : 4
(31, 2, 17, -1, -2, 11, 2.8181818181818183) : 2
(34, 2, 13, 0, -4, 12, 2.8333333333333335) : 2
(34, 2, 13, 0, 0, 12, 2.8333333333333335) : 1
(34, 2, 18, 0, -1, 12, 2.8333333333333335) : 6
(34, 2, 19, 0, -2, 12, 2.8333333333333335) : 4
(26, 2, 15, -3, -2, 9, 2.888888888888889) : 4
(32, 2, 20, -1, -2, 11, 2.909090909090909) : 4
(32, 2, 17, -1, 0, 11, 2.909090909090909) : 2
(32, 2, 18, -1, 0, 11, 2.909090909090909) : 2
(35, 2, 19, 0, -2, 12, 2.9166666666666665) : 4
(35, 2, 21, 0, -3, 12, 2.9166666666666665) : 4
(24, 2, 16, -4, -2, 8, 3.0) : 2
(24, 2, 16, -4, -3, 8, 3.0) : 2
(30, 2, 17, -2, -2, 10, 3.0) : 4
(33, 2, 17, -1, 0, 11, 3.0) : 2
(36, 2, 17, 0, 0, 12, 3.0) : 4
(37, 2, 22, 0, -2, 12, 3.0833333333333335) : 4
(37, 2, 18, 0, 0, 12, 3.0833333333333335) : 1
(22, 2, 14, -5, -1, 7, 3.142857142857143) : 2
(38, 2, 21, 0, 0, 12, 3.1666666666666665) : 1
(32, 2, 21, -2, 0, 10, 3.2) : 2
(39, 2, 27, 0, 0, 12, 3.25) : 1
=== 0: 251 | @ 0m26s.156
(0, 0, 0, -10, -7, 2, 0.0) : 2
(0, 0, 0, -11, -10, 1, 0.0) : 1
(0, 0, 0, -11, -6, 1, 0.0) : 3
(0, 0, 0, -11, -8, 1, 0.0) : 1
(0, 0, 0, -10, -8, 2, 0.0) : 2
(0, 0, 0, -11, -5, 1, 0.0) : 2
(0, 0, 0, -10, -9, 2, 0.0) : 1
(0, 0, 0, -10, -4, 2, 0.0) : 1
(0, 0, 0, -12, -9, 0, 0) : 3
(0, 0, 0, -11, -9, 1, 0.0) : 2
(0, 0, 0, -12, -8, 0, 0) : 1
(0, 0, 0, -10, -6, 2, 0.0) : 1
(0, 0, 0, -11, -4, 1, 0.0) : 1
(0, 0, 0, -10, -3, 2, 0.0) : 1
(1, 0, 1, -8, -5, 4, 0.25) : 1
(1, 0, 1, -9, -5, 3, 0.3333333333333333) : 1
(1, 0, 1, -10, -8, 2, 0.5) : 1
(1, 0, 1, -10, -7, 2, 0.5) : 1
(1, 0, 1, -10, -6, 2, 0.5) : 1
(2, 0, 1, -9, -6, 3, 0.6666666666666666) : 3
(2, 0, 0, -9, -2, 3, 0.6666666666666666) : 6
(2, 0, 0, -9, 0, 3, 0.6666666666666666) : 1
(2, 0, 0, -9, -1, 3, 0.6666666666666666) : 1
(2, 0, 2, -9, -5, 3, 0.6666666666666666) : 1
(2, 0, 1, -9, -7, 3, 0.6666666666666666) : 1
(2, 0, 2, -9, -6, 3, 0.6666666666666666) : 1
(3, 0, 3, -8, -5, 4, 0.75) : 1
(3, 0, 2, -8, -7, 4, 0.75) : 1
(3, 0, 3, -8, -7, 4, 0.75) : 1
(3, 0, 2, -8, -6, 4, 0.75) : 1
(2, 0, 2, -10, -7, 2, 1.0) : 1
(2, 0, 2, -10, -8, 2, 1.0) : 1
(3, 0, 3, -9, -9, 3, 1.0) : 1
(3, 0, 3, -9, -6, 3, 1.0) : 1
(3, 0, 3, -9, -4, 3, 1.0) : 1
(4, 0, 2, -8, -8, 4, 1.0) : 1
(4, 0, 4, -8, -1, 4, 1.0) : 1
(4, 0, 3, -8, -8, 4, 1.0) : 1
(6, 0, 2, -7, -5, 5, 1.2) : 1
(5, 0, 4, -8, -6, 4, 1.25) : 1
(5, 0, 3, -8, -4, 4, 1.25) : 1
(5, 0, 3, -8, -6, 4, 1.25) : 1
(5, 0, 4, -8, -10, 4, 1.25) : 1
(5, 0, 3, -8, -2, 4, 1.25) : 1
(4, 0, 2, -9, -3, 3, 1.3333333333333333) : 1
(8, 0, 7, -6, -11, 6, 1.3333333333333333) : 1
(7, 0, 4, -7, -4, 5, 1.4) : 1
(6, 0, 6, -8, -3, 4, 1.5) : 1
(9, 0, 5, -6, -3, 6, 1.5) : 1
(9, 0, 7, -6, -2, 6, 1.5) : 1
(10, 0, 6, -6, -2, 6, 1.6666666666666667) : 1
(7, 0, 7, -8, -1, 4, 1.75) : 1
(11, 0, 7, -6, -5, 6, 1.8333333333333333) : 1
(13, 0, 10, -5, -2, 7, 1.8571428571428572) : 1
(10, 0, 8, -7, 0, 5, 2.0) : 1
(14, 0, 11, -5, 0, 7, 2.0) : 1
(14, 0, 11, -5, -5, 7, 2.0) : 1
(21, 0, 13, -2, -2, 10, 2.1) : 1
(18, 0, 12, -4, -8, 8, 2.25) : 1
(18, 0, 14, -4, -1, 8, 2.25) : 1
(25, 0, 15, -1, -2, 11, 2.272727272727273) : 1
(26, 0, 12, -1, -2, 11, 2.3636363636363638) : 1
(26, 0, 12, -1, 0, 11, 2.3636363636363638) : 1
(24, 0, 16, -2, -4, 10, 2.4) : 4
(24, 0, 16, -2, -3, 10, 2.4) : 2
(29, 0, 13, 0, -4, 12, 2.4166666666666665) : 1
(15, 0, 11, -6, -1, 6, 2.5) : 1
(28, 0, 18, -1, -1, 11, 2.5454545454545454) : 1
(31, 0, 19, 0, -3, 12, 2.5833333333333335) : 1
(31, 0, 15, 0, -2, 12, 2.5833333333333335) : 1
(8, 2, 8, -8, -1, 4, 2.0) : 1
(8, 2, 8, -8, -2, 4, 2.0) : 1
(8, 2, 8, -8, -3, 4, 2.0) : 1
(23, 2, 10, -2, -6, 10, 2.3) : 2
(23, 2, 10, -2, -3, 10, 2.3) : 2
(26, 2, 8, -1, -2, 11, 2.3636363636363638) : 2
(26, 2, 8, -1, -6, 11, 2.3636363636363638) : 1
(26, 2, 8, -1, -3, 11, 2.3636363636363638) : 1
(19, 2, 11, -4, -2, 8, 2.375) : 6
(19, 2, 14, -4, -5, 8, 2.375) : 4
(27, 2, 12, -1, -5, 11, 2.4545454545454546) : 2
(25, 2, 11, -2, -1, 10, 2.5) : 1
(25, 2, 13, -2, -3, 10, 2.5) : 2
(23, 2, 13, -3, -4, 9, 2.5555555555555554) : 2
(26, 2, 15, -2, -2, 10, 2.6) : 2
(26, 2, 11, -2, -2, 10, 2.6) : 2
(29, 2, 14, -1, -2, 11, 2.6363636363636362) : 6
(29, 2, 15, -1, -3, 11, 2.6363636363636362) : 4
(29, 2, 16, -1, -2, 11, 2.6363636363636362) : 4
(29, 2, 17, -1, -3, 11, 2.6363636363636362) : 2
(29, 2, 17, -1, -4, 11, 2.6363636363636362) : 2
(29, 2, 17, -1, -2, 11, 2.6363636363636362) : 4
(24, 2, 14, -3, -6, 9, 2.6666666666666665) : 4
(32, 2, 15, 0, -4, 12, 2.6666666666666665) : 2
(32, 2, 16, 0, -4, 12, 2.6666666666666665) : 4
(30, 2, 17, -1, -2, 11, 2.727272727272727) : 4
(33, 2, 19, 0, -3, 12, 2.75) : 2
(33, 2, 21, 0, -3, 12, 2.75) : 4
(33, 2, 19, 0, -2, 12, 2.75) : 1
(33, 2, 21, 0, -4, 12, 2.75) : 2
(28, 2, 12, -2, -2, 10, 2.8) : 2
(31, 2, 15, -1, 0, 11, 2.8181818181818183) : 4
(31, 2, 18, -1, -1, 11, 2.8181818181818183) : 4
(31, 2, 17, -1, -2, 11, 2.8181818181818183) : 2
(34, 2, 13, 0, 0, 12, 2.8333333333333335) : 1
(34, 2, 18, 0, -1, 12, 2.8333333333333335) : 6
(34, 2, 13, 0, -4, 12, 2.8333333333333335) : 1
(34, 2, 19, 0, -2, 12, 2.8333333333333335) : 4
(26, 2, 15, -3, -2, 9, 2.888888888888889) : 4
(32, 2, 20, -1, -2, 11, 2.909090909090909) : 4
(32, 2, 18, -1, 0, 11, 2.909090909090909) : 2
(32, 2, 17, -1, 0, 11, 2.909090909090909) : 2
(35, 2, 19, 0, -2, 12, 2.9166666666666665) : 4
(35, 2, 21, 0, -3, 12, 2.9166666666666665) : 4
(24, 2, 16, -4, -2, 8, 3.0) : 3
(24, 2, 16, -4, -3, 8, 3.0) : 1
(30, 2, 17, -2, -2, 10, 3.0) : 4
(33, 2, 17, -1, 0, 11, 3.0) : 2
(36, 2, 17, 0, 0, 12, 3.0) : 4
(37, 2, 22, 0, -2, 12, 3.0833333333333335) : 4
(37, 2, 18, 0, 0, 12, 3.0833333333333335) : 1
(22, 2, 14, -5, -1, 7, 3.142857142857143) : 2
(38, 2, 21, 0, 0, 12, 3.1666666666666665) : 1
(32, 2, 21, -2, 0, 10, 3.2) : 2
(39, 2, 27, 0, 0, 12, 3.25) : 1
=== 1: 235 | @ 0m30s.432
(0, 0, 0, -10, -3, 2, 0.0) : 7
(0, 0, 0, -11, -8, 1, 0.0) : 5
(0, 0, 0, -11, -7, 1, 0.0) : 4
(0, 0, 0, -11, -6, 1, 0.0) : 2
(0, 0, 0, -10, -5, 2, 0.0) : 2
(0, 0, 0, -10, -9, 2, 0.0) : 1
(0, 0, 0, -11, -5, 1, 0.0) : 3
(0, 0, 0, -12, -7, 0, 0) : 2
(0, 0, 0, -12, -9, 0, 0) : 1
(0, 0, 0, -9, -4, 3, 0.0) : 1
(0, 0, 0, -10, -6, 2, 0.0) : 1
(0, 0, 0, -11, -9, 1, 0.0) : 1
(0, 0, 0, -12, -8, 0, 0) : 1
(1, 0, 1, -9, -5, 3, 0.3333333333333333) : 1
(1, 0, 1, -9, -13, 3, 0.3333333333333333) : 1
(1, 0, 1, -9, -1, 3, 0.3333333333333333) : 1
(1, 0, 1, -9, -4, 3, 0.3333333333333333) : 1
(1, 0, 1, -10, -10, 2, 0.5) : 1
(1, 0, 0, -10, -6, 2, 0.5) : 1
(1, 0, 1, -10, -4, 2, 0.5) : 1
(2, 0, 1, -8, -3, 4, 0.5) : 1
(2, 0, 2, -9, 0, 3, 0.6666666666666666) : 1
(2, 0, 2, -9, -2, 3, 0.6666666666666666) : 1
(2, 0, 2, -9, -5, 3, 0.6666666666666666) : 1
(2, 0, 1, -9, -5, 3, 0.6666666666666666) : 1
(2, 0, 2, -9, -7, 3, 0.6666666666666666) : 1
(2, 0, 1, -9, -3, 3, 0.6666666666666666) : 1
(2, 0, 2, -9, -1, 3, 0.6666666666666666) : 1
(3, 0, 2, -9, 0, 3, 1.0) : 1
(3, 0, 2, -9, -2, 3, 1.0) : 1
(3, 0, 2, -9, -9, 3, 1.0) : 1
(3, 0, 2, -9, -3, 3, 1.0) : 1
(3, 0, 2, -9, -6, 3, 1.0) : 1
(4, 0, 2, -8, -7, 4, 1.0) : 2
(4, 0, 1, -8, -7, 4, 1.0) : 1
(4, 0, 1, -8, -5, 4, 1.0) : 1
(4, 0, 3, -8, -8, 4, 1.0) : 1
(4, 0, 3, -8, -7, 4, 1.0) : 1
(4, 0, 3, -8, -10, 4, 1.0) : 1
(4, 0, 2, -8, -4, 4, 1.0) : 1
(5, 0, 3, -7, -1, 5, 1.0) : 1
(6, 0, 3, -7, -6, 5, 1.2) : 1
(6, 0, 3, -7, -3, 5, 1.2) : 1
(5, 0, 4, -8, -6, 4, 1.25) : 1
(5, 0, 5, -8, -7, 4, 1.25) : 1
(5, 0, 5, -8, -8, 4, 1.25) : 1
(4, 0, 2, -9, -5, 3, 1.3333333333333333) : 1
(7, 0, 4, -7, 0, 5, 1.4) : 1
(7, 0, 6, -7, -10, 5, 1.4) : 1
(7, 0, 5, -7, -7, 5, 1.4) : 1
(7, 0, 4, -7, -6, 5, 1.4) : 1
(7, 0, 4, -7, -5, 5, 1.4) : 1
(6, 0, 5, -8, -5, 4, 1.5) : 1
(8, 0, 7, -7, -6, 5, 1.6) : 1
(12, 0, 8, -5, -7, 7, 1.7142857142857142) : 1
(10, 0, 8, -7, -4, 5, 2.0) : 1
(16, 0, 5, -4, -7, 8, 2.0) : 1
(16, 0, 13, -4, -4, 8, 2.0) : 1
(18, 0, 0, -3, -7, 9, 2.0) : 1
(17, 0, 9, -4, -6, 8, 2.125) : 1
(15, 0, 11, -5, -8, 7, 2.142857142857143) : 1
(27, 0, 11, 0, -6, 12, 2.25) : 2
(23, 0, 15, -2, -2, 10, 2.3) : 1
(14, 0, 10, -6, -8, 6, 2.3333333333333335) : 1
(24, 0, 16, -2, -4, 10, 2.4) : 3
(24, 0, 16, -2, -3, 10, 2.4) : 3
(27, 0, 17, -1, 0, 11, 2.4545454545454546) : 1
(23, 0, 15, -3, -6, 9, 2.5555555555555554) : 1
(8, 2, 8, -8, -1, 4, 2.0) : 2
(8, 2, 8, -8, -3, 4, 2.0) : 1
(23, 2, 10, -2, -6, 10, 2.3) : 4
(23, 2, 10, -2, -3, 10, 2.3) : 2
(26, 2, 8, -1, -3, 11, 2.3636363636363638) : 1
(26, 2, 8, -1, -2, 11, 2.3636363636363638) : 1
(19, 2, 11, -4, -3, 8, 2.375) : 2
(19, 2, 14, -4, -4, 8, 2.375) : 4
(27, 2, 12, -1, -5, 11, 2.4545454545454546) : 4
(25, 2, 13, -2, -3, 10, 2.5) : 2
(25, 2, 11, -2, -1, 10, 2.5) : 1
(23, 2, 13, -3, -4, 9, 2.5555555555555554) : 2
(26, 2, 11, -2, -2, 10, 2.6) : 2
(26, 2, 15, -2, -2, 10, 2.6) : 2
(29, 2, 14, -1, -3, 11, 2.6363636363636362) : 2
(29, 2, 15, -1, -3, 11, 2.6363636363636362) : 4
(29, 2, 17, -1, -4, 11, 2.6363636363636362) : 2
(29, 2, 17, -1, -3, 11, 2.6363636363636362) : 2
(29, 2, 17, -1, -2, 11, 2.6363636363636362) : 4
(29, 2, 16, -1, -2, 11, 2.6363636363636362) : 4
(24, 2, 14, -3, -5, 9, 2.6666666666666665) : 2
(24, 2, 14, -3, -6, 9, 2.6666666666666665) : 2
(32, 2, 15, 0, -4, 12, 2.6666666666666665) : 4
(32, 2, 16, 0, -4, 12, 2.6666666666666665) : 4
(30, 2, 17, -1, -2, 11, 2.727272727272727) : 4
(33, 2, 19, 0, -3, 12, 2.75) : 2
(33, 2, 21, 0, -3, 12, 2.75) : 4
(33, 2, 21, 0, -4, 12, 2.75) : 2
(33, 2, 19, 0, -2, 12, 2.75) : 1
(28, 2, 12, -2, -2, 10, 2.8) : 1
(28, 2, 12, -2, -1, 10, 2.8) : 1
(31, 2, 18, -1, -1, 11, 2.8181818181818183) : 4
(31, 2, 17, -1, -2, 11, 2.8181818181818183) : 2
(34, 2, 18, 0, -2, 12, 2.8333333333333335) : 2
(34, 2, 19, 0, -2, 12, 2.8333333333333335) : 4
(26, 2, 15, -3, -2, 9, 2.888888888888889) : 4
(32, 2, 20, -1, -2, 11, 2.909090909090909) : 4
(32, 2, 17, -1, 0, 11, 2.909090909090909) : 2
(32, 2, 18, -1, 0, 11, 2.909090909090909) : 2
(35, 2, 21, 0, -3, 12, 2.9166666666666665) : 4
(35, 2, 19, 0, -2, 12, 2.9166666666666665) : 4
(24, 2, 16, -4, -3, 8, 3.0) : 2
(24, 2, 16, -4, -2, 8, 3.0) : 2
(30, 2, 17, -2, -2, 10, 3.0) : 4
(33, 2, 17, -1, 0, 11, 3.0) : 2
(37, 2, 22, 0, -2, 12, 3.0833333333333335) : 4
(37, 2, 18, 0, 0, 12, 3.0833333333333335) : 1
(22, 2, 14, -5, -1, 7, 3.142857142857143) : 2
(38, 2, 21, 0, 0, 12, 3.1666666666666665) : 1
(32, 2, 21, -2, 0, 10, 3.2) : 2
(39, 2, 27, 0, 0, 12, 3.25) : 1
=== 2: 220 | @ 0m33s.842
(0, 0, 0, -11, -7, 1, 0.0) : 2
(0, 0, 0, -12, -9, 0, 0) : 3
(0, 0, 0, -11, -9, 1, 0.0) : 1
(0, 0, 0, -10, -3, 2, 0.0) : 1
(0, 0, 0, -10, -7, 2, 0.0) : 1
(0, 0, 0, -11, 0, 1, 0.0) : 1
(0, 0, 0, -11, -8, 1, 0.0) : 2
(0, 0, 0, -11, -5, 1, 0.0) : 2
(0, 0, 0, -10, -9, 2, 0.0) : 1
(0, 0, 0, -11, -6, 1, 0.0) : 2
(0, 0, 0, -11, -3, 1, 0.0) : 1
(0, 0, 0, -12, -7, 0, 0) : 1
(0, 0, 0, -11, -10, 1, 0.0) : 2
(0, 0, 0, -11, -4, 1, 0.0) : 1
(0, 0, 0, -10, -10, 2, 0.0) : 1
(0, 0, 0, -10, -4, 2, 0.0) : 1
(1, 0, 0, -9, -4, 3, 0.3333333333333333) : 1
(1, 0, 1, -10, -3, 2, 0.5) : 3
(1, 0, 1, -10, -4, 2, 0.5) : 2
(1, 0, 1, -10, -6, 2, 0.5) : 1
(1, 0, 0, -10, -5, 2, 0.5) : 1
(1, 0, 0, -10, -7, 2, 0.5) : 1
(1, 0, 0, -10, -8, 2, 0.5) : 1
(2, 0, 0, -9, -4, 3, 0.6666666666666666) : 1
(2, 0, 1, -9, -8, 3, 0.6666666666666666) : 1
(2, 0, 2, -9, -7, 3, 0.6666666666666666) : 1
(2, 0, 2, -9, -6, 3, 0.6666666666666666) : 1
(2, 0, 1, -9, -1, 3, 0.6666666666666666) : 1
(2, 0, 2, -9, -1, 3, 0.6666666666666666) : 1
(3, 0, 1, -8, -5, 4, 0.75) : 1
(3, 0, 3, -8, -4, 4, 0.75) : 1
(2, 0, 2, -10, -9, 2, 1.0) : 1
(2, 0, 2, -10, -7, 2, 1.0) : 1
(2, 0, 2, -10, -5, 2, 1.0) : 1
(2, 0, 2, -10, -6, 2, 1.0) : 1
(3, 0, 3, -9, -8, 3, 1.0) : 1
(3, 0, 2, -9, -9, 3, 1.0) : 1
(3, 0, 2, -9, -6, 3, 1.0) : 1
(3, 0, 3, -9, -9, 3, 1.0) : 1
(3, 0, 2, -9, -7, 3, 1.0) : 1
(6, 0, 4, -8, -4, 4, 1.5) : 1
(9, 0, 7, -6, -2, 6, 1.5) : 1
(8, 0, 6, -7, -3, 5, 1.6) : 1
(7, 0, 6, -8, -8, 4, 1.75) : 1
(9, 0, 6, -7, -5, 5, 1.8) : 1
(13, 0, 10, -5, -7, 7, 1.8571428571428572) : 1
(10, 0, 8, -7, -3, 5, 2.0) : 1
(14, 0, 10, -5, -7, 7, 2.0) : 1
(14, 0, 9, -5, -6, 7, 2.0) : 1
(16, 0, 10, -5, -7, 7, 2.2857142857142856) : 1
(24, 0, 16, -2, -3, 10, 2.4) : 1
(24, 0, 16, -2, -4, 10, 2.4) : 1
(17, 0, 12, -5, -3, 7, 2.4285714285714284) : 1
(8, 2, 8, -8, -3, 4, 2.0) : 3
(23, 2, 10, -2, -4, 10, 2.3) : 1
(23, 2, 10, -2, -3, 10, 2.3) : 1
(19, 2, 11, -4, -2, 8, 2.375) : 6
(19, 2, 14, -4, -5, 8, 2.375) : 4
(25, 2, 11, -2, -1, 10, 2.5) : 1
(25, 2, 13, -2, -3, 10, 2.5) : 2
(23, 2, 13, -3, -4, 9, 2.5555555555555554) : 2
(26, 2, 15, -2, -2, 10, 2.6) : 2
(26, 2, 11, -2, -2, 10, 2.6) : 2
(29, 2, 14, -1, -2, 11, 2.6363636363636362) : 6
(29, 2, 16, -1, -2, 11, 2.6363636363636362) : 4
(29, 2, 17, -1, -4, 11, 2.6363636363636362) : 2
(29, 2, 17, -1, -3, 11, 2.6363636363636362) : 2
(29, 2, 17, -1, -2, 11, 2.6363636363636362) : 4
(29, 2, 15, -1, -3, 11, 2.6363636363636362) : 4
(24, 2, 14, -3, -6, 9, 2.6666666666666665) : 3
(24, 2, 14, -3, -5, 9, 2.6666666666666665) : 1
(32, 2, 16, 0, -4, 12, 2.6666666666666665) : 4
(30, 2, 17, -1, -2, 11, 2.727272727272727) : 4
(33, 2, 21, 0, -3, 12, 2.75) : 4
(33, 2, 19, 0, -2, 12, 2.75) : 1
(33, 2, 21, 0, -4, 12, 2.75) : 2
(33, 2, 19, 0, -3, 12, 2.75) : 2
(28, 2, 12, -2, -1, 10, 2.8) : 1
(28, 2, 12, -2, -2, 10, 2.8) : 1
(31, 2, 15, -1, 0, 11, 2.8181818181818183) : 4
(31, 2, 18, -1, -1, 11, 2.8181818181818183) : 4
(31, 2, 17, -1, -2, 11, 2.8181818181818183) : 2
(34, 2, 13, 0, 0, 12, 2.8333333333333335) : 1
(34, 2, 18, 0, -1, 12, 2.8333333333333335) : 6
(34, 2, 19, 0, -2, 12, 2.8333333333333335) : 4
(26, 2, 15, -3, -2, 9, 2.888888888888889) : 4
(32, 2, 20, -1, -2, 11, 2.909090909090909) : 4
(32, 2, 17, -1, 0, 11, 2.909090909090909) : 2
(32, 2, 18, -1, 0, 11, 2.909090909090909) : 2
(35, 2, 19, 0, -2, 12, 2.9166666666666665) : 4
(35, 2, 21, 0, -3, 12, 2.9166666666666665) : 4
(24, 2, 16, -4, -2, 8, 3.0) : 3
(24, 2, 16, -4, -3, 8, 3.0) : 1
(30, 2, 17, -2, -2, 10, 3.0) : 4
(33, 2, 17, -1, 0, 11, 3.0) : 2
(36, 2, 17, 0, 0, 12, 3.0) : 4
(37, 2, 22, 0, -2, 12, 3.0833333333333335) : 4
(37, 2, 18, 0, 0, 12, 3.0833333333333335) : 1
(22, 2, 14, -5, -1, 7, 3.142857142857143) : 2
(38, 2, 21, 0, 0, 12, 3.1666666666666665) : 1
(32, 2, 21, -2, 0, 10, 3.2) : 2
(39, 2, 27, 0, 0, 12, 3.25) : 1
=== 3: 198 | @ 0m36s.846
(0, 0, 0, -11, -9, 1, 0.0) : 3
(0, 0, 0, -11, -8, 1, 0.0) : 2
(0, 0, 0, -11, -10, 1, 0.0) : 1
(0, 0, 0, -10, -6, 2, 0.0) : 1
(0, 0, 0, -11, -5, 1, 0.0) : 1
(0, 0, 0, -10, -5, 2, 0.0) : 1
(0, 0, 0, -10, -4, 2, 0.0) : 1
(0, 0, 0, -10, -8, 2, 0.0) : 2
(0, 0, 0, -12, -9, 0, 0) : 3
(0, 0, 0, -9, -7, 3, 0.0) : 1
(0, 0, 0, -11, -7, 1, 0.0) : 2
(0, 0, 0, -11, -6, 1, 0.0) : 2
(0, 0, 0, -11, -3, 1, 0.0) : 1
(0, 0, 0, -12, -8, 0, 0) : 1
(0, 0, 0, -10, -2, 2, 0.0) : 1
(1, 0, 1, -8, -5, 4, 0.25) : 1
(1, 0, 0, -9, -5, 3, 0.3333333333333333) : 1
(1, 0, 1, -10, -6, 2, 0.5) : 2
(1, 0, 1, -10, -1, 2, 0.5) : 1
(1, 0, 1, -10, -7, 2, 0.5) : 1
(2, 0, 1, -9, -7, 3, 0.6666666666666666) : 1
(2, 0, 2, -9, -6, 3, 0.6666666666666666) : 2
(2, 0, 1, -9, -6, 3, 0.6666666666666666) : 1
(2, 0, 1, -9, -5, 3, 0.6666666666666666) : 1
(2, 0, 2, -9, -5, 3, 0.6666666666666666) : 1
(3, 0, 3, -9, -6, 3, 1.0) : 1
(3, 0, 3, -9, -7, 3, 1.0) : 1
(3, 0, 2, -9, -4, 3, 1.0) : 1
(4, 0, 2, -8, -5, 4, 1.0) : 1
(4, 0, 3, -8, -7, 4, 1.0) : 1
(5, 0, 3, -7, -4, 5, 1.0) : 1
(6, 0, 5, -7, -7, 5, 1.2) : 1
(5, 0, 4, -8, -2, 4, 1.25) : 1
(5, 0, 5, -8, -7, 4, 1.25) : 1
(5, 0, 3, -8, -6, 4, 1.25) : 1
(5, 0, 3, -8, -4, 4, 1.25) : 1
(5, 0, 4, -8, -4, 4, 1.25) : 1
(5, 0, 3, -8, -5, 4, 1.25) : 1
(5, 0, 3, -8, -2, 4, 1.25) : 1
(4, 0, 2, -9, -3, 3, 1.3333333333333333) : 1
(7, 0, 5, -7, -3, 5, 1.4) : 1
(6, 0, 4, -8, -4, 4, 1.5) : 1
(9, 0, 5, -6, -3, 6, 1.5) : 1
(8, 0, 4, -7, -6, 5, 1.6) : 1
(10, 0, 6, -6, -2, 6, 1.6666666666666667) : 1
(7, 0, 7, -8, -1, 4, 1.75) : 1
(13, 0, 9, -5, -4, 7, 1.8571428571428572) : 1
(13, 0, 9, -5, -10, 7, 1.8571428571428572) : 1
(13, 0, 10, -5, -2, 7, 1.8571428571428572) : 1
(14, 0, 11, -5, -6, 7, 2.0) : 1
(17, 0, 13, -4, -2, 8, 2.125) : 1
(14, 0, 10, -6, -5, 6, 2.3333333333333335) : 1
(14, 0, 10, -6, -2, 6, 2.3333333333333335) : 1
(24, 0, 16, -2, -3, 10, 2.4) : 1
(24, 0, 16, -2, -4, 10, 2.4) : 1
(8, 2, 8, -8, -1, 4, 2.0) : 1
(8, 2, 8, -8, -2, 4, 2.0) : 1
(8, 2, 8, -8, -3, 4, 2.0) : 1
(23, 2, 10, -2, -6, 10, 2.3) : 2
(23, 2, 10, -2, -3, 10, 2.3) : 2
(19, 2, 11, -4, -3, 8, 2.375) : 2
(19, 2, 14, -4, -5, 8, 2.375) : 2
(19, 2, 14, -4, -4, 8, 2.375) : 2
(27, 2, 12, -1, -5, 11, 2.4545454545454546) : 2
(25, 2, 13, -2, -3, 10, 2.5) : 2
(25, 2, 11, -2, -1, 10, 2.5) : 1
(23, 2, 13, -3, -4, 9, 2.5555555555555554) : 2
(26, 2, 11, -2, -2, 10, 2.6) : 2
(26, 2, 15, -2, -2, 10, 2.6) : 2
(29, 2, 15, -1, -3, 11, 2.6363636363636362) : 4
(29, 2, 17, -1, -3, 11, 2.6363636363636362) : 2
(29, 2, 17, -1, -4, 11, 2.6363636363636362) : 2
(29, 2, 17, -1, -2, 11, 2.6363636363636362) : 4
(29, 2, 14, -1, -3, 11, 2.6363636363636362) : 2
(29, 2, 16, -1, -2, 11, 2.6363636363636362) : 4
(24, 2, 14, -3, -6, 9, 2.6666666666666665) : 4
(32, 2, 15, 0, -4, 12, 2.6666666666666665) : 2
(32, 2, 16, 0, -4, 12, 2.6666666666666665) : 4
(30, 2, 17, -1, -2, 11, 2.727272727272727) : 4
(33, 2, 21, 0, -3, 12, 2.75) : 4
(33, 2, 19, 0, -3, 12, 2.75) : 2
(33, 2, 21, 0, -4, 12, 2.75) : 2
(33, 2, 19, 0, -2, 12, 2.75) : 1
(28, 2, 12, -2, -2, 10, 2.8) : 2
(31, 2, 18, -1, -1, 11, 2.8181818181818183) : 4
(31, 2, 17, -1, -2, 11, 2.8181818181818183) : 2
(34, 2, 18, 0, -2, 12, 2.8333333333333335) : 2
(34, 2, 19, 0, -2, 12, 2.8333333333333335) : 4
(26, 2, 15, -3, -2, 9, 2.888888888888889) : 4
(32, 2, 20, -1, -2, 11, 2.909090909090909) : 4
(32, 2, 18, -1, 0, 11, 2.909090909090909) : 2
(32, 2, 17, -1, 0, 11, 2.909090909090909) : 2
(35, 2, 21, 0, -3, 12, 2.9166666666666665) : 4
(35, 2, 19, 0, -2, 12, 2.9166666666666665) : 4
(24, 2, 16, -4, -2, 8, 3.0) : 3
(24, 2, 16, -4, -3, 8, 3.0) : 1
(30, 2, 17, -2, -2, 10, 3.0) : 4
(33, 2, 17, -1, 0, 11, 3.0) : 2
(37, 2, 22, 0, -2, 12, 3.0833333333333335) : 4
(37, 2, 18, 0, 0, 12, 3.0833333333333335) : 1
(22, 2, 14, -5, -1, 7, 3.142857142857143) : 2
(38, 2, 21, 0, 0, 12, 3.1666666666666665) : 1
(32, 2, 21, -2, 0, 10, 3.2) : 2
(39, 2, 27, 0, 0, 12, 3.25) : 1
=== 4: 185 | @ 0m39s.739
(0, 0, 0, -11, -8, 1, 0.0) : 1
(0, 0, 0, -11, -6, 1, 0.0) : 3
(0, 0, 0, -11, -4, 1, 0.0) : 3
(0, 0, 0, -10, -4, 2, 0.0) : 2
(0, 0, 0, -12, -9, 0, 0) : 3
(0, 0, 0, -11, -9, 1, 0.0) : 1
(0, 0, 0, -11, -5, 1, 0.0) : 1
(0, 0, 0, -11, -1, 1, 0.0) : 3
(0, 0, 0, -11, -10, 1, 0.0) : 1
(0, 0, 0, -11, -7, 1, 0.0) : 1
(0, 0, 0, -10, -3, 2, 0.0) : 1
(0, 0, 0, -10, -7, 2, 0.0) : 1
(0, 0, 0, -12, -7, 0, 0) : 1
(0, 0, 0, -10, -6, 2, 0.0) : 1
(1, 0, 0, -9, -4, 3, 0.3333333333333333) : 1
(1, 0, 0, -9, -5, 3, 0.3333333333333333) : 1
(1, 0, 1, -9, -4, 3, 0.3333333333333333) : 1
(1, 0, 0, -10, -7, 2, 0.5) : 3
(2, 0, 0, -8, -6, 4, 0.5) : 1
(2, 0, 0, -9, -5, 3, 0.6666666666666666) : 1
(2, 0, 1, -9, -7, 3, 0.6666666666666666) : 1
(2, 0, 2, -9, -5, 3, 0.6666666666666666) : 1
(3, 0, 1, -8, -4, 4, 0.75) : 1
(3, 0, 3, -8, -5, 4, 0.75) : 2
(4, 0, 2, -7, -1, 5, 0.8) : 1
(2, 0, 2, -10, -6, 2, 1.0) : 1
(3, 0, 3, -9, -10, 3, 1.0) : 1
(4, 0, 2, -8, -7, 4, 1.0) : 1
(4, 0, 2, -8, -9, 4, 1.0) : 1
(4, 0, 3, -8, -3, 4, 1.0) : 1
(4, 0, 2, -8, -5, 4, 1.0) : 1
(5, 0, 4, -8, -9, 4, 1.25) : 1
(7, 0, 5, -7, -6, 5, 1.4) : 1
(6, 0, 4, -8, -8, 4, 1.5) : 1
(10, 0, 8, -6, -1, 6, 1.6666666666666667) : 1
(12, 0, 7, -5, -5, 7, 1.7142857142857142) : 1
(9, 0, 5, -7, -6, 5, 1.8) : 1
(9, 0, 7, -7, -3, 5, 1.8) : 1
(11, 0, 8, -6, -7, 6, 1.8333333333333333) : 1
(13, 0, 10, -5, -8, 7, 1.8571428571428572) : 1
(21, 0, 11, -2, -3, 10, 2.1) : 1
(11, 0, 6, -7, -5, 5, 2.2) : 1
(16, 0, 10, -5, -7, 7, 2.2857142857142856) : 1
(24, 0, 16, -2, -3, 10, 2.4) : 2
(17, 0, 10, -5, -2, 7, 2.4285714285714284) : 1
(17, 0, 12, -5, -3, 7, 2.4285714285714284) : 1
(8, 2, 8, -8, -2, 4, 2.0) : 2
(8, 2, 8, -8, -4, 4, 2.0) : 1
(23, 2, 10, -2, -4, 10, 2.3) : 2
(19, 2, 11, -4, -3, 8, 2.375) : 2
(19, 2, 14, -4, -5, 8, 2.375) : 1
(19, 2, 14, -4, -4, 8, 2.375) : 3
(25, 2, 13, -2, -3, 10, 2.5) : 2
(25, 2, 11, -2, -1, 10, 2.5) : 1
(23, 2, 13, -3, -4, 9, 2.5555555555555554) : 2
(26, 2, 11, -2, -2, 10, 2.6) : 2
(26, 2, 15, -2, -2, 10, 2.6) : 2
(29, 2, 17, -1, -4, 11, 2.6363636363636362) : 2
(29, 2, 17, -1, -2, 11, 2.6363636363636362) : 4
(29, 2, 17, -1, -3, 11, 2.6363636363636362) : 2
(29, 2, 14, -1, -3, 11, 2.6363636363636362) : 2
(29, 2, 15, -1, -3, 11, 2.6363636363636362) : 4
(29, 2, 16, -1, -2, 11, 2.6363636363636362) : 4
(24, 2, 14, -3, -6, 9, 2.6666666666666665) : 3
(24, 2, 14, -3, -5, 9, 2.6666666666666665) : 1
(32, 2, 16, 0, -4, 12, 2.6666666666666665) : 4
(30, 2, 17, -1, -2, 11, 2.727272727272727) : 4
(33, 2, 21, 0, -4, 12, 2.75) : 2
(33, 2, 19, 0, -3, 12, 2.75) : 2
(33, 2, 21, 0, -3, 12, 2.75) : 4
(33, 2, 19, 0, -2, 12, 2.75) : 1
(28, 2, 12, -2, -2, 10, 2.8) : 1
(28, 2, 12, -2, -1, 10, 2.8) : 1
(31, 2, 18, -1, -1, 11, 2.8181818181818183) : 4
(31, 2, 17, -1, -2, 11, 2.8181818181818183) : 2
(34, 2, 18, 0, -2, 12, 2.8333333333333335) : 2
(34, 2, 19, 0, -2, 12, 2.8333333333333335) : 4
(26, 2, 15, -3, -2, 9, 2.888888888888889) : 4
(32, 2, 20, -1, -2, 11, 2.909090909090909) : 4
(32, 2, 17, -1, 0, 11, 2.909090909090909) : 2
(32, 2, 18, -1, 0, 11, 2.909090909090909) : 2
(35, 2, 21, 0, -3, 12, 2.9166666666666665) : 4
(35, 2, 19, 0, -2, 12, 2.9166666666666665) : 4
(24, 2, 16, -4, -2, 8, 3.0) : 3
(24, 2, 16, -4, -3, 8, 3.0) : 1
(30, 2, 17, -2, -2, 10, 3.0) : 4
(33, 2, 17, -1, 0, 11, 3.0) : 2
(37, 2, 22, 0, -2, 12, 3.0833333333333335) : 4
(37, 2, 18, 0, 0, 12, 3.0833333333333335) : 1
(22, 2, 14, -5, -1, 7, 3.142857142857143) : 2
(38, 2, 21, 0, 0, 12, 3.1666666666666665) : 1
(32, 2, 21, -2, 0, 10, 3.2) : 2
(39, 2, 27, 0, 0, 12, 3.25) : 1
=== 5: 173 | @ 0m42s.357
(0, 0, 0, -11, -9, 1, 0.0) : 2
(0, 0, 0, -10, -5, 2, 0.0) : 1
(0, 0, 0, -11, -10, 1, 0.0) : 1
(0, 0, 0, -11, -8, 1, 0.0) : 1
(0, 0, 0, -11, -6, 1, 0.0) : 1
(0, 0, 0, -10, -3, 2, 0.0) : 2
(0, 0, 0, -10, -2, 2, 0.0) : 2
(0, 0, 0, -10, -8, 2, 0.0) : 1
(0, 0, 0, -12, -8, 0, 0) : 2
(0, 0, 0, -10, -9, 2, 0.0) : 1
(0, 0, 0, -10, -6, 2, 0.0) : 1
(0, 0, 0, -10, -4, 2, 0.0) : 2
(0, 0, 0, -11, -5, 1, 0.0) : 1
(0, 0, 0, -10, -1, 2, 0.0) : 1
(0, 0, 0, -11, -7, 1, 0.0) : 1
(0, 0, 0, -11, -4, 1, 0.0) : 1
(1, 0, 0, -9, -3, 3, 0.3333333333333333) : 2
(1, 0, 1, -9, -5, 3, 0.3333333333333333) : 1
(1, 0, 1, -9, -3, 3, 0.3333333333333333) : 2
(1, 0, 1, -9, -7, 3, 0.3333333333333333) : 1
(1, 0, 1, -10, -7, 2, 0.5) : 1
(1, 0, 1, -10, -6, 2, 0.5) : 1
(2, 0, 2, -8, -3, 4, 0.5) : 1
(2, 0, 2, -9, -1, 3, 0.6666666666666666) : 1
(2, 0, 2, -9, -9, 3, 0.6666666666666666) : 1
(2, 0, 2, -10, -7, 2, 1.0) : 1
(3, 0, 3, -9, -10, 3, 1.0) : 1
(3, 0, 3, -9, -6, 3, 1.0) : 1
(4, 0, 3, -8, -1, 4, 1.0) : 1
(6, 0, 4, -7, -1, 5, 1.2) : 1
(4, 0, 3, -9, -4, 3, 1.3333333333333333) : 1
(6, 0, 4, -8, -10, 4, 1.5) : 1
(10, 0, 4, -6, -4, 6, 1.6666666666666667) : 1
(16, 0, 6, -3, -5, 9, 1.7777777777777777) : 1
(9, 0, 6, -7, -6, 5, 1.8) : 1
(13, 0, 9, -5, -10, 7, 1.8571428571428572) : 1
(10, 0, 7, -7, -4, 5, 2.0) : 1
(18, 0, 0, -3, -4, 9, 2.0) : 1
(19, 0, 10, -3, -5, 9, 2.111111111111111) : 1
(15, 0, 8, -5, -4, 7, 2.142857142857143) : 1
(27, 0, 11, 0, -6, 12, 2.25) : 2
(25, 0, 15, -1, -2, 11, 2.272727272727273) : 1
(24, 0, 16, -2, -3, 10, 2.4) : 3
(20, 0, 14, -4, -5, 8, 2.5) : 2
(28, 0, 18, -1, -1, 11, 2.5454545454545454) : 1
(8, 2, 8, -8, -4, 4, 2.0) : 1
(8, 2, 8, -8, -3, 4, 2.0) : 1
(8, 2, 8, -8, -2, 4, 2.0) : 1
(23, 2, 10, -2, -6, 10, 2.3) : 2
(23, 2, 10, -2, -5, 10, 2.3) : 1
(26, 2, 8, -1, -6, 11, 2.3636363636363638) : 3
(26, 2, 8, -1, -2, 11, 2.3636363636363638) : 3
(19, 2, 11, -4, -2, 8, 2.375) : 3
(19, 2, 14, -4, -5, 8, 2.375) : 2
(27, 2, 12, -1, -5, 11, 2.4545454545454546) : 4
(25, 2, 13, -2, -3, 10, 2.5) : 2
(25, 2, 11, -2, -1, 10, 2.5) : 1
(23, 2, 13, -3, -4, 9, 2.5555555555555554) : 2
(26, 2, 11, -2, -2, 10, 2.6) : 2
(26, 2, 15, -2, -2, 10, 2.6) : 2
(29, 2, 14, -1, -2, 11, 2.6363636363636362) : 3
(29, 2, 16, -1, -2, 11, 2.6363636363636362) : 2
(29, 2, 15, -1, -3, 11, 2.6363636363636362) : 2
(29, 2, 17, -1, -2, 11, 2.6363636363636362) : 2
(29, 2, 17, -1, -4, 11, 2.6363636363636362) : 1
(29, 2, 17, -1, -3, 11, 2.6363636363636362) : 1
(24, 2, 14, -3, -5, 9, 2.6666666666666665) : 1
(24, 2, 14, -3, -6, 9, 2.6666666666666665) : 1
(32, 2, 15, 0, -4, 12, 2.6666666666666665) : 4
(32, 2, 16, 0, -4, 12, 2.6666666666666665) : 2
(30, 2, 17, -1, -2, 11, 2.727272727272727) : 2
(28, 2, 12, -2, -2, 10, 2.8) : 1
(28, 2, 12, -2, -1, 10, 2.8) : 1
(31, 2, 15, -1, 0, 11, 2.8181818181818183) : 4
(31, 2, 18, -1, -1, 11, 2.8181818181818183) : 2
(31, 2, 17, -1, -2, 11, 2.8181818181818183) : 2
(34, 2, 13, 0, -4, 12, 2.8333333333333335) : 2
(34, 2, 13, 0, 0, 12, 2.8333333333333335) : 1
(34, 2, 18, 0, -1, 12, 2.8333333333333335) : 3
(34, 2, 19, 0, -2, 12, 2.8333333333333335) : 2
(26, 2, 15, -3, -2, 9, 2.888888888888889) : 2
(32, 2, 20, -1, -2, 11, 2.909090909090909) : 2
(32, 2, 18, -1, 0, 11, 2.909090909090909) : 2
(32, 2, 17, -1, 0, 11, 2.909090909090909) : 2
(35, 2, 19, 0, -2, 12, 2.9166666666666665) : 2
(35, 2, 21, 0, -3, 12, 2.9166666666666665) : 2
(24, 2, 16, -4, -3, 8, 3.0) : 1
(24, 2, 16, -4, -2, 8, 3.0) : 1
(30, 2, 17, -2, -2, 10, 3.0) : 2
(33, 2, 17, -1, 0, 11, 3.0) : 2
(36, 2, 17, 0, 0, 12, 3.0) : 4
(37, 2, 22, 0, -2, 12, 3.0833333333333335) : 2
(22, 2, 14, -5, -1, 7, 3.142857142857143) : 2
(38, 2, 21, 0, 0, 12, 3.1666666666666665) : 1
(32, 2, 21, -2, 0, 10, 3.2) : 2
=== 6: 154 | @ 0m43s.698
(0, 0, 0, -11, -6, 1, 0.0) : 1
(0, 0, 0, -11, -9, 1, 0.0) : 1
(0, 0, 0, -10, -8, 2, 0.0) : 1
(0, 0, 0, -11, -7, 1, 0.0) : 2
(0, 0, 0, -11, -3, 1, 0.0) : 2
(0, 0, 0, -11, 0, 1, 0.0) : 2
(0, 0, 0, -11, -1, 1, 0.0) : 2
(0, 0, 0, -11, -5, 1, 0.0) : 1
(0, 0, 0, -11, -8, 1, 0.0) : 2
(0, 0, 0, -12, -8, 0, 0) : 2
(1, 0, 1, -9, -7, 3, 0.3333333333333333) : 1
(1, 0, 1, -10, -7, 2, 0.5) : 2
(1, 0, 1, -10, -6, 2, 0.5) : 1
(1, 0, 1, -10, -10, 2, 0.5) : 1
(1, 0, 1, -10, -3, 2, 0.5) : 1
(1, 0, 1, -10, -1, 2, 0.5) : 1
(2, 0, 1, -9, -5, 3, 0.6666666666666666) : 1
(2, 0, 2, -9, -1, 3, 0.6666666666666666) : 1
(3, 0, 3, -8, -2, 4, 0.75) : 1
(4, 0, 2, -7, -2, 5, 0.8) : 1
(2, 0, 2, -10, -7, 2, 1.0) : 1
(2, 0, 2, -10, -4, 2, 1.0) : 2
(3, 0, 3, -9, -2, 3, 1.0) : 2
(3, 0, 3, -9, -9, 3, 1.0) : 1
(3, 0, 2, -9, -4, 3, 1.0) : 1
(3, 0, 3, -9, -10, 3, 1.0) : 1
(5, 0, 4, -8, -2, 4, 1.25) : 1
(7, 0, 5, -7, -1, 5, 1.4) : 1
(6, 0, 3, -8, -4, 4, 1.5) : 1
(11, 0, 8, -6, -7, 6, 1.8333333333333333) : 1
(15, 0, 10, -4, -6, 8, 1.875) : 1
(20, 0, 11, -2, -4, 10, 2.0) : 1
(16, 0, 9, -5, -3, 7, 2.2857142857142856) : 1
(23, 0, 15, -2, -2, 10, 2.3) : 1
(28, 0, 12, 0, -5, 12, 2.3333333333333335) : 1
(24, 0, 16, -2, -4, 10, 2.4) : 1
(24, 0, 16, -2, -3, 10, 2.4) : 2
(20, 0, 14, -4, -5, 8, 2.5) : 2
(28, 0, 14, -1, 0, 11, 2.5454545454545454) : 1
(31, 0, 15, 0, -2, 12, 2.5833333333333335) : 1
(8, 2, 8, -8, -1, 4, 2.0) : 2
(8, 2, 8, -8, -4, 4, 2.0) : 1
(23, 2, 10, -2, -6, 10, 2.3) : 1
(23, 2, 10, -2, -4, 10, 2.3) : 1
(26, 2, 8, -1, -2, 11, 2.3636363636363638) : 2
(26, 2, 8, -1, -6, 11, 2.3636363636363638) : 1
(26, 2, 8, -1, -3, 11, 2.3636363636363638) : 1
(19, 2, 11, -4, -2, 8, 2.375) : 3
(19, 2, 14, -4, -5, 8, 2.375) : 1
(19, 2, 14, -4, -4, 8, 2.375) : 1
(27, 2, 12, -1, -5, 11, 2.4545454545454546) : 2
(25, 2, 13, -2, -3, 10, 2.5) : 2
(25, 2, 11, -2, -1, 10, 2.5) : 1
(23, 2, 13, -3, -4, 9, 2.5555555555555554) : 2
(26, 2, 11, -2, -2, 10, 2.6) : 2
(26, 2, 15, -2, -2, 10, 2.6) : 2
(29, 2, 14, -1, -2, 11, 2.6363636363636362) : 3
(29, 2, 15, -1, -3, 11, 2.6363636363636362) : 2
(29, 2, 16, -1, -2, 11, 2.6363636363636362) : 2
(29, 2, 17, -1, -2, 11, 2.6363636363636362) : 2
(29, 2, 17, -1, -3, 11, 2.6363636363636362) : 1
(29, 2, 17, -1, -4, 11, 2.6363636363636362) : 1
(24, 2, 14, -3, -6, 9, 2.6666666666666665) : 2
(32, 2, 15, 0, -4, 12, 2.6666666666666665) : 2
(32, 2, 16, 0, -4, 12, 2.6666666666666665) : 2
(30, 2, 17, -1, -2, 11, 2.727272727272727) : 2
(28, 2, 12, -2, -1, 10, 2.8) : 1
(28, 2, 12, -2, -2, 10, 2.8) : 1
(31, 2, 15, -1, 0, 11, 2.8181818181818183) : 4
(31, 2, 18, -1, -1, 11, 2.8181818181818183) : 2
(31, 2, 17, -1, -2, 11, 2.8181818181818183) : 2
(34, 2, 13, 0, 0, 12, 2.8333333333333335) : 1
(34, 2, 18, 0, -1, 12, 2.8333333333333335) : 3
(34, 2, 13, 0, -4, 12, 2.8333333333333335) : 1
(34, 2, 19, 0, -2, 12, 2.8333333333333335) : 2
(26, 2, 15, -3, -2, 9, 2.888888888888889) : 2
(32, 2, 20, -1, -2, 11, 2.909090909090909) : 2
(32, 2, 17, -1, 0, 11, 2.909090909090909) : 2
(32, 2, 18, -1, 0, 11, 2.909090909090909) : 2
(35, 2, 19, 0, -2, 12, 2.9166666666666665) : 2
(35, 2, 21, 0, -3, 12, 2.9166666666666665) : 2
(24, 2, 16, -4, -3, 8, 3.0) : 2
(30, 2, 17, -2, -2, 10, 3.0) : 2
(33, 2, 17, -1, 0, 11, 3.0) : 2
(36, 2, 17, 0, 0, 12, 3.0) : 4
(37, 2, 22, 0, -2, 12, 3.0833333333333335) : 2
(37, 2, 18, 0, 0, 12, 3.0833333333333335) : 1
(22, 2, 14, -5, -1, 7, 3.142857142857143) : 2
(38, 2, 21, 0, 0, 12, 3.1666666666666665) : 1
(32, 2, 21, -2, 0, 10, 3.2) : 2
=== 7: 142 | @ 0m45s.38
(0, 0, 0, -11, -3, 1, 0.0) : 1
(0, 0, 0, -11, -4, 1, 0.0) : 1
(0, 0, 0, -10, -3, 2, 0.0) : 3
(0, 0, 0, -10, -5, 2, 0.0) : 2
(0, 0, 0, -10, -9, 2, 0.0) : 1
(0, 0, 0, -10, -10, 2, 0.0) : 2
(0, 0, 0, -11, -9, 1, 0.0) : 2
(0, 0, 0, -11, -5, 1, 0.0) : 2
(0, 0, 0, -11, -7, 1, 0.0) : 3
(0, 0, 0, -12, -8, 0, 0) : 2
(0, 0, 0, -11, -6, 1, 0.0) : 1
(0, 0, 0, -10, -4, 2, 0.0) : 1
(1, 0, 1, -9, -5, 3, 0.3333333333333333) : 1
(1, 0, 0, -10, -2, 2, 0.5) : 3
(1, 0, 0, -10, 0, 2, 0.5) : 1
(1, 0, 0, -10, -7, 2, 0.5) : 1
(1, 0, 1, -10, -4, 2, 0.5) : 1
(1, 0, 1, -10, -5, 2, 0.5) : 1
(2, 0, 2, -9, -1, 3, 0.6666666666666666) : 1
(2, 0, 2, -10, -8, 2, 1.0) : 1
(3, 0, 3, -9, -12, 3, 1.0) : 1
(8, 0, 5, -6, -1, 6, 1.3333333333333333) : 1
(7, 0, 6, -7, -3, 5, 1.4) : 1
(6, 0, 3, -8, -4, 4, 1.5) : 1
(9, 0, 7, -6, -1, 6, 1.5) : 1
(12, 0, 5, -5, -3, 7, 1.7142857142857142) : 1
(14, 0, 9, -4, 0, 8, 1.75) : 1
(15, 0, 6, -4, -6, 8, 1.875) : 1
(19, 0, 9, -2, -2, 10, 1.9) : 1
(8, 0, 4, -8, -7, 4, 2.0) : 1
(8, 0, 8, -8, -5, 4, 2.0) : 1
(10, 0, 8, -7, -10, 5, 2.0) : 1
(18, 0, 0, -3, -4, 9, 2.0) : 1
(17, 0, 12, -4, -2, 8, 2.125) : 1
(13, 0, 9, -6, -6, 6, 2.1666666666666665) : 1
(28, 0, 12, 0, -5, 12, 2.3333333333333335) : 2
(24, 0, 16, -2, -3, 10, 2.4) : 2
(24, 0, 16, -2, -4, 10, 2.4) : 1
(22, 0, 14, -3, -7, 9, 2.4444444444444446) : 1
(20, 0, 14, -4, -5, 8, 2.5) : 2
(8, 2, 8, -8, -2, 4, 2.0) : 2
(8, 2, 8, -8, -3, 4, 2.0) : 1
(23, 2, 10, -2, -6, 10, 2.3) : 2
(23, 2, 10, -2, -5, 10, 2.3) : 1
(26, 2, 8, -1, -3, 11, 2.3636363636363638) : 2
(19, 2, 11, -4, -3, 8, 2.375) : 1
(19, 2, 14, -4, -4, 8, 2.375) : 2
(27, 2, 12, -1, -5, 11, 2.4545454545454546) : 4
(25, 2, 11, -2, -1, 10, 2.5) : 1
(25, 2, 13, -2, -3, 10, 2.5) : 2
(23, 2, 13, -3, -4, 9, 2.5555555555555554) : 2
(26, 2, 15, -2, -2, 10, 2.6) : 2
(26, 2, 11, -2, -2, 10, 2.6) : 2
(29, 2, 14, -1, -3, 11, 2.6363636363636362) : 1
(29, 2, 15, -1, -3, 11, 2.6363636363636362) : 2
(29, 2, 17, -1, -2, 11, 2.6363636363636362) : 2
(29, 2, 17, -1, -4, 11, 2.6363636363636362) : 1
(29, 2, 17, -1, -3, 11, 2.6363636363636362) : 1
(29, 2, 16, -1, -2, 11, 2.6363636363636362) : 2
(24, 2, 14, -3, -5, 9, 2.6666666666666665) : 1
(24, 2, 14, -3, -6, 9, 2.6666666666666665) : 1
(32, 2, 15, 0, -4, 12, 2.6666666666666665) : 4
(32, 2, 16, 0, -4, 12, 2.6666666666666665) : 2
(30, 2, 17, -1, -2, 11, 2.727272727272727) : 2
(28, 2, 12, -2, -2, 10, 2.8) : 1
(28, 2, 12, -2, -1, 10, 2.8) : 1
(31, 2, 18, -1, -1, 11, 2.8181818181818183) : 2
(31, 2, 17, -1, -2, 11, 2.8181818181818183) : 2
(34, 2, 18, 0, -2, 12, 2.8333333333333335) : 1
(34, 2, 19, 0, -2, 12, 2.8333333333333335) : 2
(26, 2, 15, -3, -2, 9, 2.888888888888889) : 2
(32, 2, 20, -1, -2, 11, 2.909090909090909) : 2
(32, 2, 17, -1, 0, 11, 2.909090909090909) : 2
(32, 2, 18, -1, 0, 11, 2.909090909090909) : 2
(35, 2, 21, 0, -3, 12, 2.9166666666666665) : 2
(35, 2, 19, 0, -2, 12, 2.9166666666666665) : 2
(24, 2, 16, -4, -2, 8, 3.0) : 1
(24, 2, 16, -4, -3, 8, 3.0) : 1
(30, 2, 17, -2, -2, 10, 3.0) : 2
(33, 2, 17, -1, 0, 11, 3.0) : 2
(37, 2, 22, 0, -2, 12, 3.0833333333333335) : 2
(37, 2, 18, 0, 0, 12, 3.0833333333333335) : 1
(22, 2, 14, -5, -1, 7, 3.142857142857143) : 2
(38, 2, 21, 0, 0, 12, 3.1666666666666665) : 1
(32, 2, 21, -2, 0, 10, 3.2) : 2
=== 8: 132 | @ 0m46s.321
(0, 0, 0, -12, -9, 0, 0) : 2
(0, 0, 0, -10, -10, 2, 0.0) : 1
(0, 0, 0, -11, -2, 1, 0.0) : 1
(0, 0, 0, -11, -11, 1, 0.0) : 2
(0, 0, 0, -11, -9, 1, 0.0) : 1
(0, 0, 0, -11, -15, 1, 0.0) : 1
(0, 0, 0, -11, -12, 1, 0.0) : 1
(0, 0, 0, -11, -7, 1, 0.0) : 1
(0, 0, 0, -10, -5, 2, 0.0) : 1
(1, 0, 0, -9, -7, 3, 0.3333333333333333) : 1
(1, 0, 0, -9, -3, 3, 0.3333333333333333) : 1
(1, 0, 1, -10, -7, 2, 0.5) : 2
(1, 0, 1, -10, -6, 2, 0.5) : 1
(2, 0, 2, -9, -8, 3, 0.6666666666666666) : 1
(3, 0, 3, -8, -5, 4, 0.75) : 1
(2, 0, 2, -10, -2, 2, 1.0) : 1
(2, 0, 2, -10, -10, 2, 1.0) : 1
(3, 0, 3, -9, -11, 3, 1.0) : 1
(3, 0, 3, -9, -5, 3, 1.0) : 1
(3, 0, 2, -9, -5, 3, 1.0) : 1
(4, 0, 3, -8, -1, 4, 1.0) : 1
(5, 0, 3, -7, -2, 5, 1.0) : 1
(7, 0, 5, -7, -4, 5, 1.4) : 1
(7, 0, 4, -7, -4, 5, 1.4) : 1
(12, 0, 9, -5, -3, 7, 1.7142857142857142) : 1
(9, 0, 5, -7, -7, 5, 1.8) : 1
(24, 0, 16, -2, -4, 10, 2.4) : 1
(20, 0, 14, -4, -5, 8, 2.5) : 1
(8, 2, 8, -8, -3, 4, 2.0) : 2
(8, 2, 8, -8, -2, 4, 2.0) : 1
(23, 2, 10, -2, -3, 10, 2.3) : 1
(19, 2, 11, -4, -2, 8, 2.375) : 3
(19, 2, 14, -4, -4, 8, 2.375) : 1
(19, 2, 14, -4, -5, 8, 2.375) : 1
(25, 2, 11, -2, 0, 10, 2.5) : 1
(25, 2, 13, -2, -3, 10, 2.5) : 2
(23, 2, 13, -3, -4, 9, 2.5555555555555554) : 2
(26, 2, 15, -2, -2, 10, 2.6) : 2
(26, 2, 11, -2, -2, 10, 2.6) : 2
(29, 2, 14, -1, -2, 11, 2.6363636363636362) : 3
(29, 2, 16, -1, -2, 11, 2.6363636363636362) : 2
(29, 2, 17, -1, -2, 11, 2.6363636363636362) : 2
(29, 2, 17, -1, -4, 11, 2.6363636363636362) : 1
(29, 2, 17, -1, -3, 11, 2.6363636363636362) : 1
(29, 2, 15, -1, -3, 11, 2.6363636363636362) : 2
(24, 2, 14, -3, -6, 9, 2.6666666666666665) : 2
(32, 2, 16, 0, -4, 12, 2.6666666666666665) : 2
(30, 2, 17, -1, -2, 11, 2.727272727272727) : 2
(28, 2, 12, -2, -1, 10, 2.8) : 2
(31, 2, 15, -1, 0, 11, 2.8181818181818183) : 4
(31, 2, 18, -1, -1, 11, 2.8181818181818183) : 2
(31, 2, 17, -1, -2, 11, 2.8181818181818183) : 2
(34, 2, 13, 0, 0, 12, 2.8333333333333335) : 1
(34, 2, 18, 0, -1, 12, 2.8333333333333335) : 3
(34, 2, 19, 0, -2, 12, 2.8333333333333335) : 2
(26, 2, 15, -3, -2, 9, 2.888888888888889) : 2
(32, 2, 20, -1, -2, 11, 2.909090909090909) : 2
(32, 2, 17, -1, 0, 11, 2.909090909090909) : 2
(32, 2, 18, -1, 0, 11, 2.909090909090909) : 2
(35, 2, 19, 0, -2, 12, 2.9166666666666665) : 2
(35, 2, 21, 0, -3, 12, 2.9166666666666665) : 2
(24, 2, 16, -4, -3, 8, 3.0) : 2
(30, 2, 17, -2, -2, 10, 3.0) : 2
(33, 2, 17, -1, 0, 11, 3.0) : 2
(36, 2, 17, 0, 0, 12, 3.0) : 4
(37, 2, 22, 0, -2, 12, 3.0833333333333335) : 2
(37, 2, 18, 0, 0, 12, 3.0833333333333335) : 1
(22, 2, 14, -5, -1, 7, 3.142857142857143) : 2
(38, 2, 21, 0, 0, 12, 3.1666666666666665) : 1
(32, 2, 21, -2, 0, 10, 3.2) : 2
=== 9: 112 | @ 0m47s.504
(0, 0, 0, -11, -9, 1, 0.0) : 3
(0, 0, 0, -10, -7, 2, 0.0) : 1
(0, 0, 0, -11, -8, 1, 0.0) : 2
(0, 0, 0, -11, -5, 1, 0.0) : 2
(0, 0, 0, -11, -11, 1, 0.0) : 1
(0, 0, 0, -12, -8, 0, 0) : 2
(0, 0, 0, -10, -3, 2, 0.0) : 1
(0, 0, 0, -10, -2, 2, 0.0) : 1
(0, 0, 0, -10, -4, 2, 0.0) : 1
(1, 0, 1, -9, -7, 3, 0.3333333333333333) : 1
(1, 0, 0, -10, -8, 2, 0.5) : 1
(1, 0, 1, -10, -9, 2, 0.5) : 1
(2, 0, 2, -9, -2, 3, 0.6666666666666666) : 1
(2, 0, 2, -10, -5, 2, 1.0) : 1
(2, 0, 2, -10, -3, 2, 1.0) : 1
(3, 0, 2, -9, -4, 3, 1.0) : 1
(4, 0, 3, -8, -2, 4, 1.0) : 1
(4, 0, 3, -8, -1, 4, 1.0) : 1
(5, 0, 4, -8, -2, 4, 1.25) : 1
(4, 0, 3, -9, -9, 3, 1.3333333333333333) : 1
(6, 0, 4, -8, -11, 4, 1.5) : 1
(6, 0, 3, -8, -7, 4, 1.5) : 1
(13, 0, 8, -5, -8, 7, 1.8571428571428572) : 1
(15, 0, 10, -4, -6, 8, 1.875) : 1
(19, 0, 11, -4, -2, 8, 2.375) : 1
(24, 0, 16, -2, -3, 10, 2.4) : 1
(20, 0, 14, -4, -5, 8, 2.5) : 2
(8, 2, 8, -8, -1, 4, 2.0) : 1
(8, 2, 8, -8, -2, 4, 2.0) : 1
(8, 2, 8, -8, -4, 4, 2.0) : 1
(23, 2, 10, -2, -6, 10, 2.3) : 1
(23, 2, 10, -2, -4, 10, 2.3) : 1
(19, 2, 11, -4, -3, 8, 2.375) : 1
(19, 2, 14, -4, -4, 8, 2.375) : 2
(27, 2, 12, -1, -5, 11, 2.4545454545454546) : 2
(25, 2, 13, -2, -3, 10, 2.5) : 2
(25, 2, 11, -2, -1, 10, 2.5) : 1
(23, 2, 13, -3, -4, 9, 2.5555555555555554) : 2
(26, 2, 11, -2, -2, 10, 2.6) : 2
(26, 2, 15, -2, -2, 10, 2.6) : 2
(29, 2, 15, -1, -3, 11, 2.6363636363636362) : 2
(29, 2, 17, -1, -2, 11, 2.6363636363636362) : 2
(29, 2, 17, -1, -3, 11, 2.6363636363636362) : 1
(29, 2, 17, -1, -4, 11, 2.6363636363636362) : 1
(29, 2, 14, -1, -3, 11, 2.6363636363636362) : 1
(29, 2, 16, -1, -2, 11, 2.6363636363636362) : 2
(24, 2, 14, -3, -6, 9, 2.6666666666666665) : 2
(32, 2, 15, 0, -4, 12, 2.6666666666666665) : 2
(32, 2, 16, 0, -4, 12, 2.6666666666666665) : 2
(30, 2, 17, -1, -2, 11, 2.727272727272727) : 2
(28, 2, 12, -2, -2, 10, 2.8) : 2
(31, 2, 18, -1, -1, 11, 2.8181818181818183) : 2
(31, 2, 17, -1, -2, 11, 2.8181818181818183) : 2
(34, 2, 18, 0, -2, 12, 2.8333333333333335) : 1
(34, 2, 19, 0, -2, 12, 2.8333333333333335) : 2
(26, 2, 15, -3, -2, 9, 2.888888888888889) : 2
(32, 2, 20, -1, -2, 11, 2.909090909090909) : 2
(32, 2, 17, -1, 0, 11, 2.909090909090909) : 2
(32, 2, 18, -1, 0, 11, 2.909090909090909) : 2
(35, 2, 21, 0, -3, 12, 2.9166666666666665) : 2
(35, 2, 19, 0, -2, 12, 2.9166666666666665) : 2
(24, 2, 16, -4, -3, 8, 3.0) : 2
(30, 2, 17, -2, -2, 10, 3.0) : 2
(33, 2, 17, -1, 0, 11, 3.0) : 2
(37, 2, 22, 0, -2, 12, 3.0833333333333335) : 2
(37, 2, 18, 0, 0, 12, 3.0833333333333335) : 1
(22, 2, 14, -5, -1, 7, 3.142857142857143) : 2
(38, 2, 21, 0, 0, 12, 3.1666666666666665) : 1
(32, 2, 21, -2, 0, 10, 3.2) : 2
=== 10: 104 | @ 0m48s.611
(0, 0, 0, -10, -10, 2, 0.0) : 1
(0, 0, 0, -11, -7, 1, 0.0) : 2
(0, 0, 0, -11, -9, 1, 0.0) : 2
(0, 0, 0, -12, -9, 0, 0) : 2
(0, 0, 0, -10, -11, 2, 0.0) : 2
(0, 0, 0, -11, -10, 1, 0.0) : 1
(0, 0, 0, -10, -4, 2, 0.0) : 1
(0, 0, 0, -10, -5, 2, 0.0) : 1
(0, 0, 0, -11, -2, 1, 0.0) : 1
(0, 0, 0, -10, -6, 2, 0.0) : 1
(1, 0, 0, -8, -4, 4, 0.25) : 1
(2, 0, 1, -8, -1, 4, 0.5) : 1
(2, 0, 2, -9, -8, 3, 0.6666666666666666) : 1
(2, 0, 1, -9, -2, 3, 0.6666666666666666) : 1
(3, 0, 0, -8, -7, 4, 0.75) : 1
(3, 0, 3, -8, -3, 4, 0.75) : 1
(2, 0, 2, -10, -4, 2, 1.0) : 1
(3, 0, 3, -9, -12, 3, 1.0) : 1
(3, 0, 2, -9, -9, 3, 1.0) : 1
(3, 0, 2, -9, -2, 3, 1.0) : 1
(5, 0, 4, -8, -7, 4, 1.25) : 1
(7, 0, 7, -8, -5, 4, 1.75) : 1
(14, 0, 9, -5, -3, 7, 2.0) : 1
(24, 0, 16, -2, -4, 10, 2.4) : 1
(20, 0, 14, -4, -5, 8, 2.5) : 1
(8, 2, 8, -8, -4, 4, 2.0) : 1
(8, 2, 8, -8, -2, 4, 2.0) : 1
(8, 2, 8, -8, -3, 4, 2.0) : 1
(23, 2, 10, -2, -3, 10, 2.3) : 1
(19, 2, 11, -4, -3, 8, 2.375) : 1
(19, 2, 14, -4, -4, 8, 2.375) : 2
(25, 2, 11, -2, 0, 10, 2.5) : 1
(25, 2, 13, -2, -3, 10, 2.5) : 2
(23, 2, 13, -3, -4, 9, 2.5555555555555554) : 2
(26, 2, 15, -2, -2, 10, 2.6) : 2
(26, 2, 11, -2, -2, 10, 2.6) : 2
(29, 2, 17, -1, -2, 11, 2.6363636363636362) : 2
(29, 2, 17, -1, -4, 11, 2.6363636363636362) : 1
(29, 2, 17, -1, -3, 11, 2.6363636363636362) : 1
(29, 2, 14, -1, -3, 11, 2.6363636363636362) : 1
(29, 2, 15, -1, -3, 11, 2.6363636363636362) : 2
(29, 2, 16, -1, -2, 11, 2.6363636363636362) : 2
(24, 2, 14, -3, -6, 9, 2.6666666666666665) : 2
(32, 2, 16, 0, -4, 12, 2.6666666666666665) : 2
(30, 2, 17, -1, -2, 11, 2.727272727272727) : 2
(28, 2, 12, -2, -1, 10, 2.8) : 2
(31, 2, 18, -1, -1, 11, 2.8181818181818183) : 2
(31, 2, 17, -1, -2, 11, 2.8181818181818183) : 2
(34, 2, 18, 0, -2, 12, 2.8333333333333335) : 1
(34, 2, 19, 0, -2, 12, 2.8333333333333335) : 2
(26, 2, 15, -3, -2, 9, 2.888888888888889) : 2
(32, 2, 20, -1, -2, 11, 2.909090909090909) : 2
(32, 2, 17, -1, 0, 11, 2.909090909090909) : 2
(32, 2, 18, -1, 0, 11, 2.909090909090909) : 2
(35, 2, 21, 0, -3, 12, 2.9166666666666665) : 2
(35, 2, 19, 0, -2, 12, 2.9166666666666665) : 2
(24, 2, 16, -4, -3, 8, 3.0) : 2
(30, 2, 17, -2, -2, 10, 3.0) : 2
(33, 2, 17, -1, 0, 11, 3.0) : 2
(37, 2, 22, 0, -2, 12, 3.0833333333333335) : 2
(37, 2, 18, 0, 0, 12, 3.0833333333333335) : 2
(22, 2, 14, -5, -1, 7, 3.142857142857143) : 2
(38, 2, 21, 0, 0, 12, 3.1666666666666665) : 1
(32, 2, 21, -2, 0, 10, 3.2) : 2
=== 11: 96 | @ 0m49s.868
(0, 0, 0, -11, -8, 1, 0.0) : 1
(0, 0, 0, -11, -7, 1, 0.0) : 2
(0, 0, 0, -10, -8, 2, 0.0) : 1
(0, 0, 0, -10, -4, 2, 0.0) : 2
(0, 0, 0, -11, -3, 1, 0.0) : 1
(0, 0, 0, -11, -6, 1, 0.0) : 1
(0, 0, 0, -10, -9, 2, 0.0) : 1
(1, 0, 1, -10, -6, 2, 0.5) : 1
(5, 0, 4, -7, -1, 5, 1.0) : 1
(6, 0, 4, -7, -1, 5, 1.2) : 1
(6, 0, 4, -7, -3, 5, 1.2) : 2
(6, 0, 4, -7, -2, 5, 1.2) : 1
(5, 0, 0, -8, -7, 4, 1.25) : 1
(5, 0, 4, -8, -2, 4, 1.25) : 1
(7, 0, 5, -7, -4, 5, 1.4) : 1
(13, 0, 8, -5, 0, 7, 1.8571428571428572) : 1
(13, 0, 8, -5, -6, 7, 1.8571428571428572) : 1
(15, 0, 4, -4, -1, 8, 1.875) : 1
(18, 0, 0, -3, -7, 9, 2.0) : 1
(20, 0, 13, -3, -1, 9, 2.2222222222222223) : 1
(28, 0, 12, 0, -5, 12, 2.3333333333333335) : 2
(8, 2, 8, -8, -1, 4, 2.0) : 2
(8, 2, 8, -8, -3, 4, 2.0) : 1
(26, 2, 8, -1, -6, 11, 2.3636363636363638) : 3
(26, 2, 8, -1, -3, 11, 2.3636363636363638) : 1
(26, 2, 8, -1, -2, 11, 2.3636363636363638) : 2
(27, 2, 12, -1, -5, 11, 2.4545454545454546) : 4
(25, 2, 11, -2, -1, 10, 2.5) : 1
(25, 2, 13, -2, -3, 10, 2.5) : 2
(23, 2, 13, -3, -4, 9, 2.5555555555555554) : 2
(26, 2, 15, -2, -2, 10, 2.6) : 2
(26, 2, 11, -2, -2, 10, 2.6) : 2
(32, 2, 15, 0, -4, 12, 2.6666666666666665) : 4
(28, 2, 12, -2, -1, 10, 2.8) : 2
(31, 2, 15, -1, 0, 11, 2.8181818181818183) : 4
(31, 2, 17, -1, -2, 11, 2.8181818181818183) : 2
(34, 2, 13, 0, -4, 12, 2.8333333333333335) : 2
(34, 2, 13, 0, 0, 12, 2.8333333333333335) : 1
(32, 2, 17, -1, 0, 11, 2.909090909090909) : 2
(32, 2, 18, -1, 0, 11, 2.909090909090909) : 2
(33, 2, 17, -1, 0, 11, 3.0) : 2
(36, 2, 17, 0, 0, 12, 3.0) : 4
(37, 2, 18, 0, 0, 12, 3.0833333333333335) : 1
(22, 2, 14, -5, -1, 7, 3.142857142857143) : 2
(38, 2, 21, 0, 0, 12, 3.1666666666666665) : 1
(32, 2, 21, -2, 0, 10, 3.2) : 2
=== 12: 78 | @ 0m49s.968
(0, 0, 0, -11, -3, 1, 0.0) : 1
(0, 0, 0, -11, -5, 1, 0.0) : 1
(1, 0, 0, -9, -1, 3, 0.3333333333333333) : 1
(1, 0, 0, -9, -3, 3, 0.3333333333333333) : 1
(1, 0, 1, -10, -3, 2, 0.5) : 1
(2, 0, 2, -9, -8, 3, 0.6666666666666666) : 1
(4, 0, 4, -8, -2, 4, 1.0) : 2
(6, 0, 6, -8, -4, 4, 1.5) : 1
(9, 0, 3, -6, -2, 6, 1.5) : 1
(12, 0, 6, -5, 0, 7, 1.7142857142857142) : 1
(7, 0, 7, -8, -2, 4, 1.75) : 2
(14, 0, 6, -4, -8, 8, 1.75) : 1
(11, 0, 9, -6, -2, 6, 1.8333333333333333) : 1
(10, 0, 5, -7, -6, 5, 2.0) : 1
(14, 0, 9, -5, -4, 7, 2.0) : 1
(15, 0, 13, -5, -2, 7, 2.142857142857143) : 1
(22, 0, 10, -2, -2, 10, 2.2) : 1
(26, 0, 12, -1, 0, 11, 2.3636363636363638) : 1
(29, 0, 13, 0, -4, 12, 2.4166666666666665) : 1
(31, 0, 15, 0, -2, 12, 2.5833333333333335) : 1
(8, 2, 8, -8, -2, 4, 2.0) : 1
(8, 2, 8, -8, -3, 4, 2.0) : 2
(26, 2, 8, -1, -2, 11, 2.3636363636363638) : 2
(26, 2, 8, -1, -6, 11, 2.3636363636363638) : 1
(26, 2, 8, -1, -3, 11, 2.3636363636363638) : 1
(27, 2, 12, -1, -5, 11, 2.4545454545454546) : 2
(25, 2, 13, -2, -3, 10, 2.5) : 2
(25, 2, 11, -2, -1, 10, 2.5) : 1
(23, 2, 13, -3, -4, 9, 2.5555555555555554) : 2
(26, 2, 11, -2, -2, 10, 2.6) : 2
(26, 2, 15, -2, -2, 10, 2.6) : 2
(32, 2, 15, 0, -4, 12, 2.6666666666666665) : 2
(28, 2, 12, -2, -2, 10, 2.8) : 2
(31, 2, 15, -1, 0, 11, 2.8181818181818183) : 4
(31, 2, 17, -1, -2, 11, 2.8181818181818183) : 2
(34, 2, 13, 0, 0, 12, 2.8333333333333335) : 1
(34, 2, 13, 0, -4, 12, 2.8333333333333335) : 1
(32, 2, 18, -1, 0, 11, 2.909090909090909) : 2
(32, 2, 17, -1, 0, 11, 2.909090909090909) : 2
(33, 2, 17, -1, 0, 11, 3.0) : 2
(36, 2, 17, 0, 0, 12, 3.0) : 4
(37, 2, 18, 0, 0, 12, 3.0833333333333335) : 1
(22, 2, 14, -5, -1, 7, 3.142857142857143) : 2
(38, 2, 21, 0, 0, 12, 3.1666666666666665) : 1
(32, 2, 21, -2, 0, 10, 3.2) : 2
=== 13: 68 | @ 0m50s.51
(0, 0, 0, -10, 0, 2, 0.0) : 1
(0, 0, 0, -10, -1, 2, 0.0) : 1
(0, 0, 0, -10, -7, 2, 0.0) : 1
(0, 0, 0, -11, -9, 1, 0.0) : 1
(0, 0, 0, -11, -8, 1, 0.0) : 1
(0, 0, 0, -11, -2, 1, 0.0) : 1
(0, 0, 0, -11, -6, 1, 0.0) : 1
(1, 0, 1, -9, -1, 3, 0.3333333333333333) : 1
(1, 0, 1, -9, -7, 3, 0.3333333333333333) : 1
(1, 0, 1, -9, -6, 3, 0.3333333333333333) : 1
(1, 0, 1, -10, -3, 2, 0.5) : 2
(1, 0, 1, -10, -7, 2, 0.5) : 1
(1, 0, 1, -10, -6, 2, 0.5) : 1
(3, 0, 2, -8, -2, 4, 0.75) : 1
(4, 0, 0, -9, -6, 3, 1.3333333333333333) : 1
(8, 0, 4, -6, -3, 6, 1.3333333333333333) : 2
(15, 0, 9, -4, -2, 8, 1.875) : 1
(18, 0, 0, -3, -7, 9, 2.0) : 1
(17, 0, 12, -4, -2, 8, 2.125) : 1
(20, 0, 13, -3, -1, 9, 2.2222222222222223) : 1
(27, 0, 11, 0, -6, 12, 2.25) : 2
(22, 0, 11, -3, -1, 9, 2.4444444444444446) : 1
(8, 2, 8, -8, -1, 4, 2.0) : 2
(8, 2, 8, -8, -4, 4, 2.0) : 1
(26, 2, 8, -1, -3, 11, 2.3636363636363638) : 1
(26, 2, 8, -1, -2, 11, 2.3636363636363638) : 1
(27, 2, 12, -1, -5, 11, 2.4545454545454546) : 4
(25, 2, 11, -2, -1, 10, 2.5) : 1
(25, 2, 13, -2, -3, 10, 2.5) : 2
(23, 2, 13, -3, -4, 9, 2.5555555555555554) : 2
(26, 2, 15, -2, -2, 10, 2.6) : 2
(26, 2, 11, -2, -2, 10, 2.6) : 2
(32, 2, 15, 0, -4, 12, 2.6666666666666665) : 4
(28, 2, 12, -2, -1, 10, 2.8) : 2
(31, 2, 17, -1, -2, 11, 2.8181818181818183) : 2
(32, 2, 17, -1, 0, 11, 2.909090909090909) : 2
(32, 2, 18, -1, 0, 11, 2.909090909090909) : 2
(33, 2, 17, -1, 0, 11, 3.0) : 2
(37, 2, 18, 0, 0, 12, 3.0833333333333335) : 1
(22, 2, 14, -5, -1, 7, 3.142857142857143) : 2
(38, 2, 21, 0, 0, 12, 3.1666666666666665) : 1
(32, 2, 21, -2, 0, 10, 3.2) : 2
=== 14: 63 | @ 0m50s.142
(0, 0, 0, -11, -2, 1, 0.0) : 1
(0, 0, 0, -10, -6, 2, 0.0) : 1
(0, 0, 0, -11, -8, 1, 0.0) : 1
(2, 0, 1, -8, -5, 4, 0.5) : 1
(3, 0, 3, -9, -4, 3, 1.0) : 1
(5, 0, 4, -8, -1, 4, 1.25) : 1
(9, 0, 5, -5, -5, 7, 1.2857142857142858) : 1
(9, 0, 6, -6, -3, 6, 1.5) : 1
(8, 2, 8, -8, -3, 4, 2.0) : 3
(25, 2, 11, -2, -1, 10, 2.5) : 1
(25, 2, 13, -2, -3, 10, 2.5) : 2
(23, 2, 13, -3, -4, 9, 2.5555555555555554) : 2
(26, 2, 15, -2, -2, 10, 2.6) : 2
(26, 2, 11, -2, -2, 10, 2.6) : 2
(28, 2, 12, -2, -1, 10, 2.8) : 1
(28, 2, 12, -2, -2, 10, 2.8) : 1
(31, 2, 15, -1, 0, 11, 2.8181818181818183) : 4
(31, 2, 17, -1, -2, 11, 2.8181818181818183) : 2
(34, 2, 13, 0, 0, 12, 2.8333333333333335) : 1
(32, 2, 17, -1, 0, 11, 2.909090909090909) : 2
(32, 2, 18, -1, 0, 11, 2.909090909090909) : 2
(33, 2, 17, -1, 0, 11, 3.0) : 2
(36, 2, 17, 0, 0, 12, 3.0) : 4
(37, 2, 18, 0, 0, 12, 3.0833333333333335) : 1
(22, 2, 14, -5, -1, 7, 3.142857142857143) : 2
(38, 2, 21, 0, 0, 12, 3.1666666666666665) : 1
(32, 2, 21, -2, 0, 10, 3.2) : 2
=== 15: 45 | @ 0m50s.197
(0, 0, 0, -11, -4, 1, 0.0) : 2
(0, 0, 0, -10, -6, 2, 0.0) : 1
(1, 0, 0, -9, -4, 3, 0.3333333333333333) : 1
(1, 0, 1, -10, -7, 2, 0.5) : 1
(1, 0, 1, -10, -2, 2, 0.5) : 1
(5, 0, 3, -7, -7, 5, 1.0) : 1
(10, 0, 7, -6, -6, 6, 1.6666666666666667) : 1
(12, 0, 7, -5, -6, 7, 1.7142857142857142) : 1
(18, 0, 10, -4, -4, 8, 2.25) : 1
(8, 2, 8, -8, -2, 4, 2.0) : 1
(8, 2, 8, -8, -3, 4, 2.0) : 1
(8, 2, 8, -8, -4, 4, 2.0) : 1
(27, 2, 12, -1, -5, 11, 2.4545454545454546) : 2
(25, 2, 13, -2, -3, 10, 2.5) : 2
(25, 2, 11, -2, -1, 10, 2.5) : 1
(23, 2, 13, -3, -4, 9, 2.5555555555555554) : 2
(26, 2, 11, -2, -2, 10, 2.6) : 2
(26, 2, 15, -2, -2, 10, 2.6) : 2
(32, 2, 15, 0, -4, 12, 2.6666666666666665) : 2
(28, 2, 12, -2, -2, 10, 2.8) : 2
(31, 2, 17, -1, -2, 11, 2.8181818181818183) : 2
(32, 2, 18, -1, 0, 11, 2.909090909090909) : 2
(32, 2, 17, -1, 0, 11, 2.909090909090909) : 2
(33, 2, 17, -1, 0, 11, 3.0) : 2
(37, 2, 18, 0, 0, 12, 3.0833333333333335) : 1
(22, 2, 14, -5, -1, 7, 3.142857142857143) : 2
(38, 2, 21, 0, 0, 12, 3.1666666666666665) : 1
(32, 2, 21, -2, 0, 10, 3.2) : 2
=== 16: 42 | @ 0m50s.270
(0, 0, 0, -10, -6, 2, 0.0) : 1
(0, 0, 0, -10, -4, 2, 0.0) : 1
(0, 0, 0, -11, -7, 1, 0.0) : 1
(0, 0, 0, -11, -5, 1, 0.0) : 1
(2, 0, 2, -9, -6, 3, 0.6666666666666666) : 1
(3, 0, 3, -9, -7, 3, 1.0) : 1
(7, 0, 7, -7, -3, 5, 1.4) : 1
(16, 0, 12, -6, -2, 6, 2.6666666666666665) : 1
(8, 2, 8, -8, -3, 4, 2.0) : 1
(8, 2, 8, -8, -2, 4, 2.0) : 1
(8, 2, 8, -8, -4, 4, 2.0) : 1
(25, 2, 11, -2, -1, 10, 2.5) : 1
(25, 2, 13, -2, -3, 10, 2.5) : 2
(23, 2, 13, -3, -4, 9, 2.5555555555555554) : 2
(26, 2, 15, -2, -2, 10, 2.6) : 2
(26, 2, 11, -2, -2, 10, 2.6) : 2
(28, 2, 12, -2, -1, 10, 2.8) : 1
(28, 2, 12, -2, -2, 10, 2.8) : 1
(31, 2, 17, -1, -2, 11, 2.8181818181818183) : 2
(32, 2, 17, -1, 0, 11, 2.909090909090909) : 2
(32, 2, 18, -1, 0, 11, 2.909090909090909) : 2
(33, 2, 17, -1, 0, 11, 3.0) : 2
(37, 2, 18, 0, 0, 12, 3.0833333333333335) : 1
(22, 2, 14, -5, -1, 7, 3.142857142857143) : 2
(38, 2, 21, 0, 0, 12, 3.1666666666666665) : 1
(32, 2, 21, -2, 0, 10, 3.2) : 2
=== 17: 36 | @ 0m50s.333
