=== 0: 0 | @ 0m17s.92
=== 1: 0 | @ 0m17s.114
=== 2: 0 | @ 0m17s.133
(34, 0, 22, -27, -25, 29, 1.1724137931034482) : 1
(34, 0, 22, -27, -28, 29, 1.1724137931034482) : 1
(36, 0, 24, -27, -22, 29, 1.2413793103448276) : 1
(37, 0, 25, -27, -29, 29, 1.2758620689655173) : 1
(37, 0, 25, -27, -32, 29, 1.2758620689655173) : 1
(38, 0, 28, -27, -29, 29, 1.3103448275862069) : 1
(38, 0, 31, -27, -32, 29, 1.3103448275862069) : 1
(40, 0, 26, -26, -29, 30, 1.3333333333333333) : 1
(40, 0, 26, -26, -32, 30, 1.3333333333333333) : 1
(43, 0, 28, -24, -26, 32, 1.34375) : 1
(39, 0, 26, -27, -28, 29, 1.3448275862068966) : 1
(39, 0, 26, -27, -32, 29, 1.3448275862068966) : 1
(41, 0, 28, -26, -28, 30, 1.3666666666666667) : 1
(41, 0, 26, -26, -30, 30, 1.3666666666666667) : 2
(41, 0, 26, -26, -27, 30, 1.3666666666666667) : 1
(41, 0, 28, -26, -30, 30, 1.3666666666666667) : 1
(42, 0, 28, -26, -25, 30, 1.4) : 1
(40, 0, 31, -28, -27, 28, 1.4285714285714286) : 1
(43, 0, 26, -26, -28, 30, 1.4333333333333333) : 1
(43, 0, 26, -26, -30, 30, 1.4333333333333333) : 1
(43, 0, 32, -26, -29, 30, 1.4333333333333333) : 1
(46, 0, 28, -24, -25, 32, 1.4375) : 1
(45, 0, 28, -25, -29, 31, 1.4516129032258065) : 4
(45, 0, 28, -25, -31, 31, 1.4516129032258065) : 2
(45, 0, 28, -25, -28, 31, 1.4516129032258065) : 1
(45, 0, 28, -25, -27, 31, 1.4516129032258065) : 1
(45, 0, 28, -25, -32, 31, 1.4516129032258065) : 2
(45, 0, 28, -25, -34, 31, 1.4516129032258065) : 1
(45, 0, 28, -25, -30, 31, 1.4516129032258065) : 1
(50, 0, 39, -22, -20, 34, 1.4705882352941178) : 1
(40, 0, 31, -29, -26, 27, 1.4814814814814814) : 1
(45, 0, 36, -26, -25, 30, 1.5) : 1
(50, 0, 33, -23, -20, 33, 1.5151515151515151) : 1
(47, 0, 31, -25, -16, 31, 1.5161290322580645) : 1
(44, 0, 34, -27, -26, 29, 1.5172413793103448) : 1
(52, 0, 34, -22, -31, 34, 1.5294117647058822) : 1
(52, 0, 34, -22, -34, 34, 1.5294117647058822) : 1
(49, 0, 27, -24, -27, 32, 1.53125) : 1
(54, 0, 34, -21, -16, 35, 1.542857142857143) : 1
(54, 0, 37, -21, -34, 35, 1.542857142857143) : 1
(54, 0, 36, -22, -30, 34, 1.588235294117647) : 1
(43, 0, 34, -29, -19, 27, 1.5925925925925926) : 1
(55, 0, 37, -22, -32, 34, 1.6176470588235294) : 1
(47, 0, 35, -27, -30, 29, 1.6206896551724137) : 1
(49, 0, 39, -26, -27, 30, 1.6333333333333333) : 1
(48, 0, 38, -27, -28, 29, 1.6551724137931034) : 1
(53, 0, 34, -24, -15, 32, 1.65625) : 1
(58, 0, 43, -21, -9, 35, 1.6571428571428573) : 1
(58, 0, 40, -21, -24, 35, 1.6571428571428573) : 1
(50, 0, 34, -26, -33, 30, 1.6666666666666667) : 1
(55, 0, 31, -23, -28, 33, 1.6666666666666667) : 1
(57, 0, 42, -22, -27, 34, 1.6764705882352942) : 1
(57, 0, 36, -22, -37, 34, 1.6764705882352942) : 1
(57, 0, 38, -22, -23, 34, 1.6764705882352942) : 1
(57, 0, 42, -22, -16, 34, 1.6764705882352942) : 1
(52, 0, 32, -25, -18, 31, 1.6774193548387097) : 1
(58, 0, 43, -22, -23, 34, 1.7058823529411764) : 1
(60, 0, 31, -21, -15, 35, 1.7142857142857142) : 1
(60, 0, 40, -21, -21, 35, 1.7142857142857142) : 1
(60, 0, 39, -21, -26, 35, 1.7142857142857142) : 1
(62, 0, 43, -20, -28, 36, 1.7222222222222223) : 1
(57, 0, 40, -23, -19, 33, 1.7272727272727273) : 1
(54, 0, 44, -25, -12, 31, 1.7419354838709677) : 1
(61, 0, 37, -21, -32, 35, 1.7428571428571429) : 1
(60, 0, 38, -22, -17, 34, 1.7647058823529411) : 1
(60, 0, 37, -22, -12, 34, 1.7647058823529411) : 1
(60, 0, 38, -22, -22, 34, 1.7647058823529411) : 1
(62, 0, 42, -21, -27, 35, 1.7714285714285714) : 1
(61, 0, 38, -22, -13, 34, 1.7941176470588236) : 1
(54, 0, 43, -26, -29, 30, 1.8) : 1
(54, 0, 38, -26, -25, 30, 1.8) : 1
(63, 0, 42, -21, -21, 35, 1.8) : 1
(65, 0, 38, -20, -24, 36, 1.8055555555555556) : 1
(56, 0, 44, -25, -18, 31, 1.8064516129032258) : 1
(67, 0, 47, -19, -25, 37, 1.8108108108108107) : 2
(67, 0, 45, -19, -9, 37, 1.8108108108108107) : 1
(62, 0, 42, -22, -25, 34, 1.8235294117647058) : 1
(62, 0, 44, -22, -22, 34, 1.8235294117647058) : 1
(66, 0, 43, -20, -17, 36, 1.8333333333333333) : 1
(68, 0, 41, -19, -27, 37, 1.837837837837838) : 1
(72, 0, 45, -17, -11, 39, 1.8461538461538463) : 1
(65, 0, 38, -21, -21, 35, 1.8571428571428572) : 1
(65, 0, 38, -21, -23, 35, 1.8571428571428572) : 1
(65, 0, 42, -21, -23, 35, 1.8571428571428572) : 1
(69, 0, 47, -19, -16, 37, 1.864864864864865) : 1
(69, 0, 46, -19, -22, 37, 1.864864864864865) : 1
(71, 0, 52, -18, -22, 38, 1.868421052631579) : 1
(73, 0, 46, -17, -12, 39, 1.8717948717948718) : 1
(68, 0, 45, -20, -27, 36, 1.8888888888888888) : 1
(70, 0, 49, -19, -34, 37, 1.8918918918918919) : 1
(72, 0, 44, -18, -15, 38, 1.894736842105263) : 1
(72, 0, 46, -18, -15, 38, 1.894736842105263) : 1
(55, 0, 41, -27, -15, 29, 1.896551724137931) : 1
(74, 0, 51, -17, -14, 39, 1.8974358974358974) : 1
(74, 0, 47, -17, -24, 39, 1.8974358974358974) : 1
(74, 0, 45, -17, -27, 39, 1.8974358974358974) : 1
(67, 0, 48, -21, -18, 35, 1.9142857142857144) : 1
(67, 0, 50, -21, -24, 35, 1.9142857142857144) : 1
(67, 0, 46, -21, -32, 35, 1.9142857142857144) : 1
(69, 0, 53, -20, -27, 36, 1.9166666666666667) : 1
(71, 0, 43, -19, -16, 37, 1.9189189189189189) : 1
(71, 0, 46, -19, -19, 37, 1.9189189189189189) : 1
(75, 0, 46, -17, -29, 39, 1.9230769230769231) : 1
(79, 0, 54, -15, -14, 41, 1.9268292682926829) : 1
(58, 0, 44, -26, -10, 30, 1.9333333333333333) : 1
(60, 0, 44, -25, -18, 31, 1.935483870967742) : 1
(62, 0, 40, -24, -26, 32, 1.9375) : 1
(64, 0, 42, -23, -30, 33, 1.9393939393939394) : 1
(64, 0, 42, -23, -33, 33, 1.9393939393939394) : 1
(68, 0, 52, -21, -10, 35, 1.9428571428571428) : 1
(68, 0, 48, -21, -15, 35, 1.9428571428571428) : 1
(70, 0, 44, -20, -26, 36, 1.9444444444444444) : 1
(72, 0, 47, -19, -16, 37, 1.945945945945946) : 1
(72, 0, 47, -19, -27, 37, 1.945945945945946) : 1
(72, 0, 54, -19, -8, 37, 1.945945945945946) : 1
(78, 0, 51, -16, -26, 40, 1.95) : 1
(78, 0, 46, -16, -27, 40, 1.95) : 1
(69, 0, 46, -21, -28, 35, 1.9714285714285715) : 1
(71, 0, 47, -20, -29, 36, 1.9722222222222223) : 1
(71, 0, 50, -20, -23, 36, 1.9722222222222223) : 1
(73, 0, 49, -19, -24, 37, 1.972972972972973) : 1
(73, 0, 48, -19, -21, 37, 1.972972972972973) : 1
(79, 0, 55, -16, -28, 40, 1.975) : 1
(81, 0, 53, -15, -17, 41, 1.975609756097561) : 1
(58, 0, 39, -27, -32, 29, 2.0) : 1
(68, 0, 49, -22, -20, 34, 2.0) : 1
(68, 0, 43, -22, -17, 34, 2.0) : 1
(70, 0, 45, -21, -31, 35, 2.0) : 1
(72, 0, 52, -20, -21, 36, 2.0) : 1
(74, 0, 50, -19, -14, 37, 2.0) : 1
(76, 0, 55, -18, -14, 38, 2.0) : 1
(78, 0, 60, -17, -18, 39, 2.0) : 2
(80, 0, 52, -16, -7, 40, 2.0) : 1
(83, 0, 54, -15, -26, 41, 2.024390243902439) : 1
(73, 0, 53, -20, -18, 36, 2.0277777777777777) : 1
(73, 0, 47, -20, -32, 36, 2.0277777777777777) : 1
(73, 0, 44, -20, -24, 36, 2.0277777777777777) : 1
(71, 0, 45, -21, -18, 35, 2.0285714285714285) : 1
(78, 0, 54, -18, -19, 38, 2.0526315789473686) : 1
(78, 0, 51, -18, -18, 38, 2.0526315789473686) : 1
(78, 0, 53, -18, -24, 38, 2.0526315789473686) : 1
(74, 0, 58, -20, -12, 36, 2.0555555555555554) : 2
(74, 0, 52, -20, -31, 36, 2.0555555555555554) : 1
(68, 0, 41, -23, -12, 33, 2.0606060606060606) : 1
(62, 0, 41, -26, -30, 30, 2.066666666666667) : 1
(83, 0, 47, -16, -20, 40, 2.075) : 1
(81, 0, 50, -17, -23, 39, 2.076923076923077) : 1
(81, 0, 53, -17, -9, 39, 2.076923076923077) : 1
(79, 0, 47, -18, -13, 38, 2.0789473684210527) : 1
(79, 0, 51, -18, -25, 38, 2.0789473684210527) : 1
(79, 0, 51, -18, -27, 38, 2.0789473684210527) : 1
(79, 0, 54, -18, -21, 38, 2.0789473684210527) : 1
(77, 0, 49, -19, -26, 37, 2.081081081081081) : 1
(77, 0, 53, -19, -9, 37, 2.081081081081081) : 1
(75, 0, 49, -20, -16, 36, 2.0833333333333335) : 1
(90, 0, 60, -13, -17, 43, 2.0930232558139537) : 1
(67, 0, 48, -24, -16, 32, 2.09375) : 1
(88, 0, 62, -14, -14, 42, 2.0952380952380953) : 1
(65, 0, 50, -25, -11, 31, 2.096774193548387) : 1
(65, 0, 43, -25, -29, 31, 2.096774193548387) : 1
(86, 0, 56, -15, -20, 41, 2.097560975609756) : 1
(80, 0, 55, -18, -16, 38, 2.1052631578947367) : 1
(80, 0, 57, -18, -28, 38, 2.1052631578947367) : 1
(76, 0, 50, -20, -13, 36, 2.111111111111111) : 1
(89, 0, 56, -14, -17, 42, 2.119047619047619) : 1
(70, 0, 49, -23, -22, 33, 2.121212121212121) : 1
(70, 0, 43, -23, -24, 33, 2.121212121212121) : 1
(85, 0, 56, -16, -27, 40, 2.125) : 1
(83, 0, 52, -17, -17, 39, 2.128205128205128) : 1
(83, 0, 52, -17, -19, 39, 2.128205128205128) : 1
(81, 0, 56, -18, -20, 38, 2.1315789473684212) : 1
(75, 0, 56, -21, -13, 35, 2.142857142857143) : 1
(88, 0, 57, -15, -27, 41, 2.1463414634146343) : 1
(73, 0, 54, -22, -10, 34, 2.1470588235294117) : 1
(84, 0, 46, -17, -21, 39, 2.1538461538461537) : 1
(84, 0, 52, -17, -17, 39, 2.1538461538461537) : 1
(84, 0, 54, -17, -24, 39, 2.1538461538461537) : 1
(78, 0, 46, -20, -11, 36, 2.1666666666666665) : 1
(89, 0, 60, -15, -21, 41, 2.1707317073170733) : 1
(89, 0, 58, -15, -21, 41, 2.1707317073170733) : 1
(76, 0, 57, -21, -10, 35, 2.1714285714285713) : 1
(74, 0, 52, -22, -19, 34, 2.176470588235294) : 1
(74, 0, 53, -22, -18, 34, 2.176470588235294) : 1
(74, 0, 52, -22, -17, 34, 2.176470588235294) : 1
(83, 0, 59, -18, -10, 38, 2.1842105263157894) : 1
(83, 0, 54, -18, -11, 38, 2.1842105263157894) : 1
(83, 0, 62, -18, -7, 38, 2.1842105263157894) : 1
(94, 0, 59, -13, -29, 43, 2.186046511627907) : 1
(81, 0, 40, -19, -38, 37, 2.189189189189189) : 1
(81, 0, 49, -19, -19, 37, 2.189189189189189) : 1
(97, 0, 59, -12, -11, 44, 2.2045454545454546) : 1
(86, 0, 50, -17, -9, 39, 2.2051282051282053) : 1
(86, 0, 58, -17, -22, 39, 2.2051282051282053) : 1
(75, 0, 54, -22, -14, 34, 2.2058823529411766) : 1
(80, 0, 54, -20, -13, 36, 2.2222222222222223) : 1
(89, 0, 60, -16, -14, 40, 2.225) : 1
(85, 0, 42, -18, -39, 38, 2.236842105263158) : 1
(94, 0, 60, -14, -25, 42, 2.238095238095238) : 1
(94, 0, 60, -14, -27, 42, 2.238095238095238) : 1
(83, 0, 54, -19, -14, 37, 2.2432432432432434) : 1
(92, 0, 58, -15, -26, 41, 2.2439024390243905) : 1
(90, 0, 58, -16, -9, 40, 2.25) : 1
(97, 0, 63, -13, -17, 43, 2.255813953488372) : 1
(95, 0, 62, -14, -15, 42, 2.261904761904762) : 1
(77, 0, 56, -22, -23, 34, 2.264705882352941) : 1
(102, 0, 68, -11, -4, 45, 2.2666666666666666) : 1
(91, 0, 58, -16, -16, 40, 2.275) : 2
(91, 0, 59, -16, -19, 40, 2.275) : 1
(89, 0, 59, -17, -13, 39, 2.282051282051282) : 1
(80, 0, 59, -21, -24, 35, 2.2857142857142856) : 1
(85, 0, 44, -19, -32, 37, 2.2972972972972974) : 1
(92, 0, 59, -16, -22, 40, 2.3) : 1
(92, 0, 57, -16, -10, 40, 2.3) : 1
(92, 0, 57, -16, -13, 40, 2.3) : 1
(83, 0, 56, -20, -36, 36, 2.3055555555555554) : 1
(97, 0, 63, -14, -16, 42, 2.3095238095238093) : 1
(104, 0, 67, -11, -13, 45, 2.311111111111111) : 1
(81, 0, 49, -21, -13, 35, 2.3142857142857145) : 1
(81, 0, 58, -21, -15, 35, 2.3142857142857145) : 1
(88, 0, 55, -18, -14, 38, 2.3157894736842106) : 1
(95, 0, 61, -15, -9, 41, 2.317073170731707) : 1
(93, 0, 59, -16, -13, 40, 2.325) : 1
(84, 0, 58, -20, -10, 36, 2.3333333333333335) : 1
(91, 0, 57, -17, -13, 39, 2.3333333333333335) : 1
(96, 0, 61, -15, -10, 41, 2.341463414634146) : 1
(89, 0, 46, -18, -33, 38, 2.3421052631578947) : 1
(89, 0, 56, -18, -16, 38, 2.3421052631578947) : 1
(99, 0, 59, -14, -8, 42, 2.357142857142857) : 1
(109, 0, 69, -10, -12, 46, 2.369565217391304) : 1
(102, 0, 63, -13, -5, 43, 2.372093023255814) : 1
(100, 0, 69, -14, -10, 42, 2.380952380952381) : 1
(105, 0, 65, -12, -5, 44, 2.3863636363636362) : 1
(110, 0, 69, -10, -11, 46, 2.391304347826087) : 1
(108, 0, 67, -11, -20, 45, 2.4) : 1
(101, 0, 61, -14, -20, 42, 2.4047619047619047) : 1
(106, 0, 67, -12, -9, 44, 2.409090909090909) : 1
(106, 0, 60, -12, -8, 44, 2.409090909090909) : 1
(106, 0, 62, -12, -8, 44, 2.409090909090909) : 1
(87, 0, 54, -20, -26, 36, 2.4166666666666665) : 1
(104, 0, 63, -13, -8, 43, 2.4186046511627906) : 1
(97, 0, 59, -16, -8, 40, 2.425) : 1
(102, 0, 62, -14, -19, 42, 2.4285714285714284) : 1
(102, 0, 66, -14, -18, 42, 2.4285714285714284) : 1
(102, 0, 63, -14, -27, 42, 2.4285714285714284) : 1
(107, 0, 66, -12, -7, 44, 2.4318181818181817) : 1
(95, 0, 55, -17, -27, 39, 2.4358974358974357) : 1
(103, 0, 59, -14, -12, 42, 2.4523809523809526) : 1
(108, 0, 68, -12, -18, 44, 2.4545454545454546) : 1
(104, 0, 66, -14, -19, 42, 2.4761904761904763) : 1
(109, 0, 73, -12, -4, 44, 2.477272727272727) : 1
(102, 0, 62, -15, -12, 41, 2.4878048780487805) : 1
(102, 0, 65, -15, -14, 41, 2.4878048780487805) : 1
(102, 0, 65, -15, -18, 41, 2.4878048780487805) : 1
(105, 0, 75, -14, -10, 42, 2.5) : 1
(105, 0, 62, -14, -20, 42, 2.5) : 1
(105, 0, 65, -14, -9, 42, 2.5) : 1
(110, 0, 65, -12, -6, 44, 2.5) : 1
(110, 0, 69, -12, -26, 44, 2.5) : 1
(118, 0, 80, -9, -12, 47, 2.5106382978723403) : 1
(103, 0, 63, -15, -13, 41, 2.5121951219512195) : 1
(106, 0, 56, -14, -24, 42, 2.5238095238095237) : 1
(114, 0, 72, -11, -5, 45, 2.533333333333333) : 1
(109, 0, 62, -13, -10, 43, 2.5348837209302326) : 1
(112, 0, 73, -12, -20, 44, 2.5454545454545454) : 1
(112, 0, 66, -12, -13, 44, 2.5454545454545454) : 1
(105, 0, 62, -15, -9, 41, 2.5609756097560976) : 1
(118, 0, 79, -10, -10, 46, 2.5652173913043477) : 1
(116, 0, 75, -11, -16, 45, 2.577777777777778) : 1
(116, 0, 69, -11, -9, 45, 2.577777777777778) : 1
(111, 0, 67, -13, -17, 43, 2.5813953488372094) : 1
(111, 0, 67, -13, -19, 43, 2.5813953488372094) : 1
(124, 0, 73, -8, -15, 48, 2.5833333333333335) : 1
(119, 0, 76, -10, -20, 46, 2.5869565217391304) : 1
(114, 0, 68, -12, -9, 44, 2.590909090909091) : 1
(112, 0, 74, -13, -13, 43, 2.604651162790698) : 1
(120, 0, 78, -10, -9, 46, 2.608695652173913) : 1
(115, 0, 63, -12, -9, 44, 2.6136363636363638) : 1
(113, 0, 65, -13, -13, 43, 2.627906976744186) : 1
(121, 0, 71, -10, -19, 46, 2.630434782608696) : 1
(132, 0, 75, -6, -16, 50, 2.64) : 1
(119, 0, 73, -11, -19, 45, 2.6444444444444444) : 1
(119, 0, 72, -11, -8, 45, 2.6444444444444444) : 1
(119, 0, 69, -11, -14, 45, 2.6444444444444444) : 1
(106, 0, 63, -16, -9, 40, 2.65) : 1
(122, 0, 76, -10, -6, 46, 2.652173913043478) : 1
(125, 0, 83, -9, -9, 47, 2.6595744680851063) : 1
(120, 0, 74, -11, -18, 45, 2.6666666666666665) : 1
(126, 0, 66, -9, -6, 47, 2.6808510638297873) : 1
(118, 0, 72, -12, -12, 44, 2.6818181818181817) : 1
(121, 0, 64, -11, -15, 45, 2.688888888888889) : 1
(113, 0, 72, -14, -13, 42, 2.6904761904761907) : 1
(132, 0, 74, -7, -13, 49, 2.693877551020408) : 1
(116, 0, 78, -13, -12, 43, 2.697674418604651) : 1
(127, 0, 71, -9, -15, 47, 2.702127659574468) : 1
(119, 0, 72, -12, -11, 44, 2.7045454545454546) : 1
(122, 0, 74, -11, -13, 45, 2.7111111111111112) : 1
(134, 0, 82, -7, -4, 49, 2.7346938775510203) : 1
(137, 0, 77, -6, -7, 50, 2.74) : 1
(132, 0, 79, -8, -11, 48, 2.75) : 1
(135, 0, 83, -7, -7, 49, 2.7551020408163267) : 1
(127, 0, 72, -10, -5, 46, 2.760869565217391) : 1
(122, 0, 63, -12, -19, 44, 2.772727272727273) : 1
(136, 0, 83, -7, -6, 49, 2.7755102040816326) : 1
(125, 0, 82, -11, -8, 45, 2.7777777777777777) : 1
(134, 0, 82, -8, -3, 48, 2.7916666666666665) : 1
(134, 0, 73, -8, -21, 48, 2.7916666666666665) : 1
(123, 0, 66, -12, -13, 44, 2.7954545454545454) : 1
(137, 0, 86, -7, -15, 49, 2.795918367346939) : 1
(126, 0, 72, -11, -10, 45, 2.8) : 1
(143, 0, 87, -5, -9, 51, 2.803921568627451) : 1
(135, 0, 75, -8, -7, 48, 2.8125) : 1
(138, 0, 88, -7, -5, 49, 2.816326530612245) : 1
(150, 0, 90, -3, -7, 53, 2.830188679245283) : 1
(136, 0, 80, -8, -7, 48, 2.8333333333333335) : 1
(139, 0, 78, -7, -5, 49, 2.836734693877551) : 1
(142, 0, 79, -6, -5, 50, 2.84) : 1
(134, 0, 88, -9, -7, 47, 2.851063829787234) : 1
(137, 0, 78, -8, -8, 48, 2.8541666666666665) : 1
(140, 0, 85, -7, -6, 49, 2.857142857142857) : 1
(140, 0, 85, -7, -7, 49, 2.857142857142857) : 1
(143, 0, 80, -6, -6, 50, 2.86) : 1
(143, 0, 82, -6, -3, 50, 2.86) : 1
(143, 0, 83, -6, -3, 50, 2.86) : 1
(143, 0, 90, -6, -3, 50, 2.86) : 1
(129, 0, 82, -11, -10, 45, 2.8666666666666667) : 1
(129, 0, 82, -11, -8, 45, 2.8666666666666667) : 1
(144, 0, 87, -6, -2, 50, 2.88) : 1
(147, 0, 84, -5, -8, 51, 2.8823529411764706) : 1
(147, 0, 86, -5, -7, 51, 2.8823529411764706) : 1
(147, 0, 83, -5, -6, 51, 2.8823529411764706) : 1
(147, 0, 83, -5, -5, 51, 2.8823529411764706) : 1
(142, 0, 82, -7, -5, 49, 2.8979591836734695) : 1
(145, 0, 82, -6, -6, 50, 2.9) : 1
(154, 0, 81, -3, -7, 53, 2.9056603773584904) : 1
(143, 0, 89, -7, -6, 49, 2.9183673469387754) : 1
(143, 0, 89, -7, -7, 49, 2.9183673469387754) : 1
(152, 0, 90, -4, -7, 52, 2.923076923076923) : 2
(150, 0, 80, -5, -19, 51, 2.9411764705882355) : 1
(150, 0, 90, -5, -2, 51, 2.9411764705882355) : 1
(142, 0, 78, -8, -5, 48, 2.9583333333333335) : 1
(145, 0, 83, -7, -4, 49, 2.9591836734693877) : 1
(145, 0, 80, -7, -5, 49, 2.9591836734693877) : 1
(148, 0, 84, -6, -3, 50, 2.96) : 2
(148, 0, 79, -6, -4, 50, 2.96) : 1
(148, 0, 79, -6, -5, 50, 2.96) : 1
(151, 0, 90, -5, -8, 51, 2.9607843137254903) : 1
(154, 0, 89, -4, -17, 52, 2.9615384615384617) : 1
(157, 0, 86, -3, -2, 53, 2.9622641509433962) : 1
(157, 0, 87, -3, -1, 53, 2.9622641509433962) : 1
(157, 0, 91, -3, -3, 53, 2.9622641509433962) : 1
(160, 0, 98, -2, -6, 54, 2.962962962962963) : 1
(140, 0, 85, -9, -6, 47, 2.978723404255319) : 1
(149, 0, 81, -6, -3, 50, 2.98) : 1
(155, 0, 86, -4, -5, 52, 2.980769230769231) : 1
(155, 0, 86, -4, -6, 52, 2.980769230769231) : 1
(153, 0, 90, -5, -4, 51, 3.0) : 1
(156, 0, 93, -4, -6, 52, 3.0) : 1
(159, 0, 88, -3, -4, 53, 3.0) : 1
(166, 0, 86, -1, -12, 55, 3.018181818181818) : 1
(154, 0, 85, -5, -3, 51, 3.019607843137255) : 2
(164, 0, 98, -2, -5, 54, 3.037037037037037) : 1
(161, 0, 91, -3, -6, 53, 3.0377358490566038) : 1
(155, 0, 92, -5, -2, 51, 3.0392156862745097) : 1
(155, 0, 92, -5, -3, 51, 3.0392156862745097) : 1
(152, 0, 84, -6, -4, 50, 3.04) : 1
(147, 0, 84, -8, -5, 48, 3.0625) : 1
(166, 0, 94, -2, -5, 54, 3.074074074074074) : 1
(163, 0, 94, -3, -4, 53, 3.0754716981132075) : 1
(174, 0, 98, -1, -3, 55, 3.1636363636363636) : 1
(177, 0, 102, -1, -2, 55, 3.2181818181818183) : 1
(179, 0, 99, -1, -4, 55, 3.2545454545454544) : 1
(172, 2, 98, 0, -1, 56, 3.0714285714285716) : 1
(176, 2, 101, 0, -3, 56, 3.142857142857143) : 2
(180, 2, 98, 0, -2, 56, 3.2142857142857144) : 1
(180, 2, 99, 0, -5, 56, 3.2142857142857144) : 2
(180, 2, 98, 0, -3, 56, 3.2142857142857144) : 1
=== 3: 391 | @ 0m24s.117
=== 4: 0 | @ 0m24s.138
=== 5: 0 | @ 0m24s.160
=== 6: 0 | @ 0m24s.178
=== 7: 0 | @ 0m24s.185
=== 8: 0 | @ 0m24s.204
=== 9: 0 | @ 0m24s.216
=== 10: 0 | @ 0m24s.225
=== 11: 0 | @ 0m24s.228
=== 12: 0 | @ 0m24s.248
=== 13: 0 | @ 0m24s.261
=== 14: 0 | @ 0m24s.267
=== 15: 0 | @ 0m24s.282
=== 16: 0 | @ 0m24s.293
=== 17: 0 | @ 0m24s.311
=== 18: 0 | @ 0m24s.324
=== 19: 0 | @ 0m24s.346
=== 20: 0 | @ 0m24s.362
=== 21: 0 | @ 0m24s.388
=== 22: 0 | @ 0m24s.396
=== 23: 0 | @ 0m24s.412
=== 24: 0 | @ 0m24s.428
=== 25: 0 | @ 0m24s.442
=== 26: 0 | @ 0m24s.460
=== 27: 0 | @ 0m24s.473
=== 28: 0 | @ 0m24s.477
=== 29: 0 | @ 0m24s.503
=== 30: 0 | @ 0m24s.514
=== 31: 0 | @ 0m24s.521
=== 32: 0 | @ 0m24s.542
=== 33: 0 | @ 0m24s.559
=== 34: 0 | @ 0m24s.568
=== 35: 0 | @ 0m24s.577
=== 36: 0 | @ 0m24s.601
=== 37: 0 | @ 0m24s.615
=== 38: 0 | @ 0m24s.630
=== 39: 0 | @ 0m24s.648
=== 40: 0 | @ 0m24s.661
(53, 0, 36, -20, -19, 36, 1.4722222222222223) : 1
(55, 0, 39, -22, -14, 34, 1.6176470588235294) : 1
(62, 0, 39, -21, -19, 35, 1.7714285714285714) : 1
(59, 0, 41, -23, -23, 33, 1.7878787878787878) : 1
(62, 0, 38, -22, -29, 34, 1.8235294117647058) : 1
(64, 0, 44, -21, -21, 35, 1.8285714285714285) : 1
(64, 0, 42, -21, -17, 35, 1.8285714285714285) : 1
(70, 0, 49, -18, -14, 38, 1.8421052631578947) : 1
(65, 0, 37, -21, -25, 35, 1.8571428571428572) : 1
(65, 0, 47, -22, -18, 34, 1.911764705882353) : 1
(69, 0, 44, -20, -16, 36, 1.9166666666666667) : 1
(72, 0, 49, -19, -35, 37, 1.945945945945946) : 1
(72, 0, 41, -19, -23, 37, 1.945945945945946) : 1
(70, 0, 46, -21, -19, 35, 2.0) : 1
(78, 0, 54, -17, -15, 39, 2.0) : 1
(78, 0, 47, -18, -22, 38, 2.0526315789473686) : 1
(86, 0, 53, -15, -13, 41, 2.097560975609756) : 1
(84, 0, 56, -16, -23, 40, 2.1) : 1
(89, 0, 60, -14, -13, 42, 2.119047619047619) : 2
(87, 0, 60, -15, -13, 41, 2.1219512195121952) : 1
(83, 0, 48, -17, -22, 39, 2.128205128205128) : 1
(93, 0, 55, -13, -16, 43, 2.1627906976744184) : 1
(98, 0, 65, -11, -12, 45, 2.1777777777777776) : 1
(85, 0, 58, -17, -11, 39, 2.1794871794871793) : 1
(96, 0, 59, -12, -26, 44, 2.1818181818181817) : 1
(94, 0, 63, -13, -13, 43, 2.186046511627907) : 1
(86, 0, 57, -17, -21, 39, 2.2051282051282053) : 1
(88, 0, 53, -17, -22, 39, 2.2564102564102564) : 1
(95, 0, 73, -14, -16, 42, 2.261904761904762) : 1
(98, 0, 63, -13, -16, 43, 2.2790697674418605) : 1
(98, 0, 63, -13, -18, 43, 2.2790697674418605) : 1
(94, 0, 67, -15, -14, 41, 2.292682926829268) : 1
(92, 0, 56, -16, -20, 40, 2.3) : 1
(92, 0, 56, -16, -21, 40, 2.3) : 1
(99, 0, 62, -13, -13, 43, 2.302325581395349) : 1
(97, 0, 63, -14, -8, 42, 2.3095238095238093) : 1
(103, 0, 64, -12, -18, 44, 2.340909090909091) : 1
(113, 0, 65, -9, -9, 47, 2.404255319148936) : 1
(110, 0, 69, -11, -15, 45, 2.4444444444444446) : 1
(109, 0, 63, -12, -15, 44, 2.477272727272727) : 1
(117, 0, 75, -9, -10, 47, 2.4893617021276597) : 1
(116, 0, 70, -10, -7, 46, 2.5217391304347827) : 1
(124, 0, 75, -8, -5, 48, 2.5833333333333335) : 1
(129, 0, 77, -7, -14, 49, 2.63265306122449) : 1
(128, 0, 81, -8, -14, 48, 2.6666666666666665) : 1
(134, 0, 75, -6, -8, 50, 2.68) : 1
(135, 0, 82, -6, -8, 50, 2.7) : 1
(127, 0, 78, -9, -9, 47, 2.702127659574468) : 1
(138, 0, 78, -6, -15, 50, 2.76) : 1
(136, 0, 77, -7, -13, 49, 2.7755102040816326) : 1
(139, 0, 80, -6, -10, 50, 2.78) : 1
(139, 0, 86, -6, -8, 50, 2.78) : 1
(140, 0, 83, -6, -6, 50, 2.8) : 1
(146, 0, 86, -4, -6, 52, 2.8076923076923075) : 1
(154, 0, 94, -2, -9, 54, 2.8518518518518516) : 1
(146, 0, 85, -5, -7, 51, 2.8627450980392157) : 1
(144, 0, 81, -6, -9, 50, 2.88) : 1
(145, 0, 82, -6, -10, 50, 2.9) : 1
(148, 0, 86, -5, -8, 51, 2.9019607843137254) : 1
(155, 0, 89, -3, -6, 53, 2.9245283018867925) : 1
(156, 0, 89, -3, -5, 53, 2.943396226415094) : 1
(154, 0, 87, -4, -8, 52, 2.9615384615384617) : 1
(176, 2, 101, 0, -3, 56, 3.142857142857143) : 1
=== 41: 64 | @ 0m26s.105
=== 42: 0 | @ 0m26s.108
=== 43: 0 | @ 0m26s.113
=== 44: 0 | @ 0m26s.131
=== 45: 0 | @ 0m26s.146
=== 46: 0 | @ 0m26s.152
=== 47: 0 | @ 0m26s.159
=== 48: 0 | @ 0m26s.175
=== 49: 0 | @ 0m26s.195
=== 50: 0 | @ 0m26s.199
=== 51: 0 | @ 0m26s.221
=== 52: 0 | @ 0m26s.256
=== 53: 0 | @ 0m26s.267
=== 54: 0 | @ 0m26s.281
=== 55: 0 | @ 0m26s.293
=== 56: 0 | @ 0m26s.325
=== 57: 0 | @ 0m26s.342
(50, 0, 37, -22, -13, 34, 1.4705882352941178) : 1
(52, 0, 35, -22, -9, 34, 1.5294117647058822) : 1
(50, 0, 39, -24, -31, 32, 1.5625) : 1
(50, 0, 41, -24, -19, 32, 1.5625) : 1
(48, 0, 37, -26, -31, 30, 1.6) : 1
(56, 0, 36, -22, -26, 34, 1.6470588235294117) : 1
(61, 0, 43, -19, -24, 37, 1.6486486486486487) : 1
(62, 0, 41, -19, -12, 37, 1.6756756756756757) : 1
(57, 0, 43, -22, -20, 34, 1.6764705882352942) : 1
(60, 0, 43, -21, -16, 35, 1.7142857142857142) : 1
(67, 0, 48, -17, -15, 39, 1.7179487179487178) : 1
(61, 0, 44, -21, -17, 35, 1.7428571428571429) : 1
(65, 0, 43, -19, -11, 37, 1.7567567567567568) : 1
(53, 0, 33, -26, -18, 30, 1.7666666666666666) : 1
(65, 0, 46, -20, -27, 36, 1.8055555555555556) : 1
(62, 0, 43, -22, -15, 34, 1.8235294117647058) : 1
(62, 0, 43, -22, -22, 34, 1.8235294117647058) : 1
(71, 0, 54, -18, -8, 38, 1.868421052631579) : 1
(64, 0, 50, -22, -19, 34, 1.8823529411764706) : 1
(71, 0, 54, -19, -16, 37, 1.9189189189189189) : 1
(70, 0, 50, -20, -20, 36, 1.9444444444444444) : 1
(74, 0, 53, -18, -11, 38, 1.9473684210526316) : 1
(68, 0, 40, -22, -27, 34, 2.0) : 1
(74, 0, 51, -19, -17, 37, 2.0) : 1
(81, 0, 54, -17, -17, 39, 2.076923076923077) : 1
(82, 0, 56, -17, -6, 39, 2.1025641025641026) : 1
(76, 0, 53, -20, -19, 36, 2.111111111111111) : 1
(79, 0, 57, -19, -20, 37, 2.135135135135135) : 1
(89, 0, 58, -16, -14, 40, 2.225) : 1
(82, 0, 54, -21, -14, 35, 2.342857142857143) : 1
(101, 0, 70, -13, -8, 43, 2.3488372093023258) : 1
(97, 0, 66, -16, -16, 40, 2.425) : 1
(100, 0, 64, -15, -16, 41, 2.4390243902439024) : 1
(110, 0, 62, -11, -14, 45, 2.4444444444444446) : 1
(100, 0, 59, -16, -19, 40, 2.5) : 1
(116, 0, 70, -10, -6, 46, 2.5217391304347827) : 1
(103, 0, 60, -16, -15, 40, 2.575) : 1
(120, 0, 75, -10, -9, 46, 2.608695652173913) : 1
(119, 0, 73, -11, -10, 45, 2.6444444444444444) : 1
(121, 0, 82, -12, -9, 44, 2.75) : 1
(121, 0, 78, -12, -7, 44, 2.75) : 1
(122, 0, 79, -12, -10, 44, 2.772727272727273) : 1
(134, 0, 79, -8, -8, 48, 2.7916666666666665) : 1
(130, 0, 75, -10, -10, 46, 2.8260869565217392) : 1
(145, 0, 87, -6, -5, 50, 2.9) : 1
(143, 0, 84, -7, -6, 49, 2.9183673469387754) : 1
(149, 0, 86, -5, -6, 51, 2.9215686274509802) : 1
(142, 0, 86, -8, -7, 48, 2.9583333333333335) : 1
(142, 0, 83, -8, -8, 48, 2.9583333333333335) : 1
(148, 0, 85, -6, -6, 50, 2.96) : 1
(154, 0, 88, -4, -5, 52, 2.9615384615384617) : 1
(155, 0, 91, -4, -3, 52, 2.980769230769231) : 1
(153, 0, 89, -5, -7, 51, 3.0) : 2
(151, 0, 88, -6, -7, 50, 3.02) : 1
(148, 0, 88, -7, -6, 49, 3.020408163265306) : 1
=== 58: 56 | @ 0m27s.639
=== 59: 0 | @ 0m27s.652
=== 60: 0 | @ 0m27s.658
=== 61: 0 | @ 0m27s.673
=== 62: 0 | @ 0m27s.681
=== 63: 0 | @ 0m27s.700
=== 64: 0 | @ 0m27s.716
=== 65: 0 | @ 0m27s.732
=== 66: 0 | @ 0m27s.756
=== 67: 0 | @ 0m27s.771
=== 68: 0 | @ 0m27s.785
=== 69: 0 | @ 0m27s.800
=== 70: 0 | @ 0m27s.823
=== 71: 0 | @ 0m27s.841
=== 72: 0 | @ 0m28s.301
=== 73: 0 | @ 0m28s.312
=== 74: 0 | @ 0m28s.326
=== 75: 0 | @ 0m28s.340
=== 76: 0 | @ 0m28s.352
=== 77: 0 | @ 0m28s.372
=== 78: 0 | @ 0m28s.376
=== 79: 0 | @ 0m28s.392
=== 80: 0 | @ 0m28s.408
=== 81: 0 | @ 0m28s.431
=== 82: 0 | @ 0m28s.447
=== 83: 0 | @ 0m28s.467
=== 84: 0 | @ 0m28s.489
=== 85: 0 | @ 0m28s.505
=== 86: 0 | @ 0m28s.525
=== 87: 0 | @ 0m28s.540
(30, 0, 24, -30, -21, 26, 1.1538461538461537) : 1
(35, 0, 27, -29, -23, 27, 1.2962962962962963) : 1
(35, 0, 27, -29, -25, 27, 1.2962962962962963) : 1
(48, 0, 32, -22, -25, 34, 1.411764705882353) : 1
(48, 0, 32, -24, -26, 32, 1.5) : 1
(54, 0, 40, -22, -24, 34, 1.588235294117647) : 1
(56, 0, 38, -21, -31, 35, 1.6) : 1
(55, 0, 37, -22, -18, 34, 1.6176470588235294) : 1
(55, 0, 37, -22, -24, 34, 1.6176470588235294) : 1
(57, 0, 40, -21, -27, 35, 1.6285714285714286) : 1
(56, 0, 38, -22, -17, 34, 1.6470588235294117) : 1
(58, 0, 42, -21, -23, 35, 1.6571428571428573) : 1
(60, 0, 42, -20, -24, 36, 1.6666666666666667) : 1
(57, 0, 39, -22, -26, 34, 1.6764705882352942) : 1
(64, 0, 48, -19, -20, 37, 1.7297297297297298) : 1
(61, 0, 42, -21, -10, 35, 1.7428571428571429) : 1
(66, 0, 45, -19, -13, 37, 1.7837837837837838) : 1
(67, 0, 47, -19, -20, 37, 1.8108108108108107) : 1
(72, 0, 45, -17, -26, 39, 1.8461538461538463) : 1
(61, 0, 44, -23, -23, 33, 1.8484848484848484) : 1
(67, 0, 46, -20, -15, 36, 1.8611111111111112) : 1
(64, 0, 47, -22, -19, 34, 1.8823529411764706) : 1
(71, 0, 49, -19, -21, 37, 1.9189189189189189) : 1
(71, 0, 50, -19, -22, 37, 1.9189189189189189) : 1
(79, 0, 55, -15, -26, 41, 1.9268292682926829) : 1
(68, 0, 49, -21, -31, 35, 1.9428571428571428) : 1
(70, 0, 52, -20, -19, 36, 1.9444444444444444) : 1
(74, 0, 52, -18, -16, 38, 1.9473684210526316) : 1
(75, 0, 48, -18, -23, 38, 1.9736842105263157) : 1
(74, 0, 47, -19, -26, 37, 2.0) : 1
(72, 0, 51, -21, -17, 35, 2.057142857142857) : 1
(87, 0, 57, -14, -12, 42, 2.0714285714285716) : 1
(87, 0, 61, -14, -13, 42, 2.0714285714285716) : 1
(81, 0, 55, -17, -8, 39, 2.076923076923077) : 1
(80, 0, 50, -18, -24, 38, 2.1052631578947367) : 1
(80, 0, 50, -18, -26, 38, 2.1052631578947367) : 1
(89, 0, 56, -14, -21, 42, 2.119047619047619) : 1
(87, 0, 59, -15, -7, 41, 2.1219512195121952) : 1
(90, 0, 56, -14, -9, 42, 2.142857142857143) : 1
(88, 0, 47, -15, -30, 41, 2.1463414634146343) : 1
(100, 0, 71, -10, -10, 46, 2.1739130434782608) : 1
(88, 0, 66, -16, -10, 40, 2.2) : 1
(86, 0, 56, -17, -10, 39, 2.2051282051282053) : 1
(86, 0, 50, -17, -24, 39, 2.2051282051282053) : 1
(98, 0, 61, -12, -14, 44, 2.227272727272727) : 1
(87, 0, 61, -17, -23, 39, 2.230769230769231) : 1
(94, 0, 59, -14, -13, 42, 2.238095238095238) : 1
(92, 0, 57, -15, -21, 41, 2.2439024390243905) : 1
(99, 0, 62, -12, -17, 44, 2.25) : 1
(99, 0, 66, -12, -17, 44, 2.25) : 1
(95, 0, 60, -14, -13, 42, 2.261904761904762) : 1
(93, 0, 60, -15, -21, 41, 2.268292682926829) : 1
(98, 0, 65, -13, -4, 43, 2.2790697674418605) : 1
(89, 0, 65, -17, -20, 39, 2.282051282051282) : 1
(104, 0, 61, -12, -19, 44, 2.3636363636363638) : 1
(102, 0, 63, -13, -23, 43, 2.372093023255814) : 1
(113, 0, 65, -9, -14, 47, 2.404255319148936) : 1
(112, 0, 65, -10, -11, 46, 2.4347826086956523) : 1
(116, 0, 69, -9, -6, 47, 2.4680851063829787) : 1
(117, 0, 79, -9, -11, 47, 2.4893617021276597) : 1
(104, 0, 64, -15, -7, 41, 2.5365853658536586) : 1
(117, 0, 74, -10, -11, 46, 2.5434782608695654) : 1
(125, 0, 81, -7, -8, 49, 2.5510204081632653) : 1
(110, 0, 66, -13, -17, 43, 2.558139534883721) : 1
(124, 0, 75, -8, -5, 48, 2.5833333333333335) : 1
(123, 0, 78, -9, -4, 47, 2.617021276595745) : 1
(134, 0, 78, -5, -13, 51, 2.627450980392157) : 1
(129, 0, 80, -7, -4, 49, 2.63265306122449) : 1
(116, 0, 71, -12, -16, 44, 2.6363636363636362) : 1
(116, 0, 71, -12, -15, 44, 2.6363636363636362) : 1
(134, 0, 78, -6, -10, 50, 2.68) : 1
(147, 0, 85, -5, -7, 51, 2.8823529411764706) : 2
(148, 0, 90, -5, -5, 51, 2.9019607843137254) : 1
(152, 0, 91, -4, -6, 52, 2.923076923076923) : 1
(153, 0, 90, -4, -7, 52, 2.9423076923076925) : 1
(159, 0, 91, -2, -6, 54, 2.9444444444444446) : 1
(157, 0, 93, -3, -6, 53, 2.9622641509433962) : 1
(160, 0, 91, -3, -4, 53, 3.018867924528302) : 1
(168, 0, 99, -1, -1, 55, 3.0545454545454547) : 1
(171, 0, 95, -1, -3, 55, 3.109090909090909) : 1
(174, 0, 99, -1, -2, 55, 3.1636363636363636) : 1
(161, 2, 94, -3, -5, 53, 3.0377358490566038) : 1
(172, 2, 98, 0, -1, 56, 3.0714285714285716) : 1
=== 88: 84 | @ 0m30s.139
=== 89: 0 | @ 0m30s.153
=== 90: 0 | @ 0m30s.166
=== 91: 0 | @ 0m30s.180
=== 92: 0 | @ 0m30s.194
=== 93: 0 | @ 0m30s.210
=== 94: 0 | @ 0m30s.392
=== 95: 0 | @ 0m30s.408
=== 96: 0 | @ 0m30s.435
=== 97: 0 | @ 0m30s.452
=== 98: 0 | @ 0m30s.467
=== 99: 0 | @ 0m30s.488
=== 100: 0 | @ 0m30s.502
=== 101: 0 | @ 0m30s.512
=== 102: 0 | @ 0m30s.528
