(595, 3, 119, 0, 0, 116, 5.129310344827586) : 2
(595, 3, 123, 0, 0, 116, 5.129310344827586) : 1
(596, 3, 124, 0, 0, 116, 5.137931034482759) : 1
(596, 3, 127, 0, 0, 116, 5.137931034482759) : 2
(596, 4, 123, 0, 0, 116, 5.137931034482759) : 1
(597, 2, 125, 0, 0, 116, 5.146551724137931) : 1
(597, 3, 124, 0, 0, 116, 5.146551724137931) : 5
(597, 3, 127, 0, 0, 116, 5.146551724137931) : 4
(597, 4, 124, 0, 0, 116, 5.146551724137931) : 1
(597, 4, 128, 0, 0, 116, 5.146551724137931) : 2
(597, 4, 125, 0, 0, 116, 5.146551724137931) : 1
(597, 4, 126, 0, 0, 116, 5.146551724137931) : 1
(598, 2, 129, 0, 0, 116, 5.155172413793103) : 2
(598, 3, 127, 0, 0, 116, 5.155172413793103) : 6
(598, 3, 122, 0, 0, 116, 5.155172413793103) : 2
(598, 3, 130, 0, 0, 116, 5.155172413793103) : 10
(598, 3, 131, 0, 0, 116, 5.155172413793103) : 2
(598, 3, 129, 0, 0, 116, 5.155172413793103) : 7
(598, 3, 126, 0, 0, 116, 5.155172413793103) : 5
(598, 3, 125, 0, 0, 116, 5.155172413793103) : 2
(598, 3, 128, 0, 0, 116, 5.155172413793103) : 4
(598, 3, 124, 0, 0, 116, 5.155172413793103) : 2
(598, 4, 128, 0, 0, 116, 5.155172413793103) : 5
(598, 4, 130, 0, 0, 116, 5.155172413793103) : 1
(598, 4, 126, 0, 0, 116, 5.155172413793103) : 2
(598, 4, 129, 0, 0, 116, 5.155172413793103) : 1
(599, 2, 128, 0, 0, 116, 5.163793103448276) : 1
(599, 2, 127, 0, 0, 116, 5.163793103448276) : 1
(599, 2, 131, 0, 0, 116, 5.163793103448276) : 1
(599, 2, 129, 0, 0, 116, 5.163793103448276) : 1
(599, 3, 129, 0, 0, 116, 5.163793103448276) : 18
(599, 3, 132, 0, 0, 116, 5.163793103448276) : 10
(599, 3, 130, 0, 0, 116, 5.163793103448276) : 21
(599, 3, 127, 0, 0, 116, 5.163793103448276) : 16
(599, 3, 131, 0, 0, 116, 5.163793103448276) : 9
(599, 3, 128, 0, 0, 116, 5.163793103448276) : 14
(599, 3, 126, 0, 0, 116, 5.163793103448276) : 7
(599, 3, 124, 0, 0, 116, 5.163793103448276) : 4
(599, 3, 133, 0, 0, 116, 5.163793103448276) : 2
(599, 3, 125, 0, 0, 116, 5.163793103448276) : 4
(599, 4, 129, 0, 0, 116, 5.163793103448276) : 4
(599, 4, 131, 0, 0, 116, 5.163793103448276) : 4
(599, 4, 126, 0, 0, 116, 5.163793103448276) : 2
(599, 4, 130, 0, 0, 116, 5.163793103448276) : 7
(599, 4, 127, 0, 0, 116, 5.163793103448276) : 2
(599, 4, 132, 0, 0, 116, 5.163793103448276) : 3
(599, 4, 128, 0, 0, 116, 5.163793103448276) : 2
(599, 4, 125, 0, 0, 116, 5.163793103448276) : 2
(600, 2, 134, 0, 0, 116, 5.172413793103448) : 5
(600, 2, 127, 0, 0, 116, 5.172413793103448) : 1
(600, 2, 133, 0, 0, 116, 5.172413793103448) : 3
(600, 2, 129, 0, 0, 116, 5.172413793103448) : 5
(600, 2, 130, 0, 0, 116, 5.172413793103448) : 2
(600, 2, 131, 0, 0, 116, 5.172413793103448) : 3
(600, 2, 128, 0, 0, 116, 5.172413793103448) : 1
(600, 2, 136, 0, 0, 116, 5.172413793103448) : 1
(600, 2, 132, 0, 0, 116, 5.172413793103448) : 1
(600, 3, 133, 0, 0, 116, 5.172413793103448) : 39
(600, 3, 131, 0, 0, 116, 5.172413793103448) : 32
(600, 3, 128, 0, 0, 116, 5.172413793103448) : 24
(600, 3, 127, 0, 0, 116, 5.172413793103448) : 11
(600, 3, 130, 0, 0, 116, 5.172413793103448) : 38
(600, 3, 129, 0, 0, 116, 5.172413793103448) : 37
(600, 3, 126, 0, 0, 116, 5.172413793103448) : 9
(600, 3, 135, 0, 0, 116, 5.172413793103448) : 1
(600, 3, 132, 0, 0, 116, 5.172413793103448) : 45
(600, 3, 134, 0, 0, 116, 5.172413793103448) : 24
(600, 3, 136, 0, 0, 116, 5.172413793103448) : 1
(600, 3, 137, 0, 0, 116, 5.172413793103448) : 1
(600, 3, 138, 0, 0, 116, 5.172413793103448) : 2
(600, 4, 133, 0, 0, 116, 5.172413793103448) : 9
(600, 4, 134, 0, 0, 116, 5.172413793103448) : 5
(600, 4, 130, 0, 0, 116, 5.172413793103448) : 13
(600, 4, 129, 0, 0, 116, 5.172413793103448) : 13
(600, 4, 127, 0, 0, 116, 5.172413793103448) : 9
(600, 4, 131, 0, 0, 116, 5.172413793103448) : 15
(600, 4, 137, 0, 0, 116, 5.172413793103448) : 2
(600, 4, 132, 0, 0, 116, 5.172413793103448) : 13
(600, 4, 126, 0, 0, 116, 5.172413793103448) : 6
(600, 4, 128, 0, 0, 116, 5.172413793103448) : 8
(601, 2, 136, 0, 0, 116, 5.181034482758621) : 5
(601, 2, 134, 0, 0, 116, 5.181034482758621) : 5
(601, 2, 130, 0, 0, 116, 5.181034482758621) : 6
(601, 2, 131, 0, 0, 116, 5.181034482758621) : 7
(601, 2, 133, 0, 0, 116, 5.181034482758621) : 4
(601, 2, 135, 0, 0, 116, 5.181034482758621) : 4
(601, 3, 135, 0, 0, 116, 5.181034482758621) : 64
(601, 3, 131, 0, 0, 116, 5.181034482758621) : 62
(601, 3, 136, 0, 0, 116, 5.181034482758621) : 46
(601, 3, 137, 0, 0, 116, 5.181034482758621) : 21
(601, 3, 133, 0, 0, 116, 5.181034482758621) : 86
(601, 3, 134, 0, 0, 116, 5.181034482758621) : 71
(601, 3, 129, 0, 0, 116, 5.181034482758621) : 14
(601, 3, 132, 0, 0, 116, 5.181034482758621) : 45
(601, 3, 130, 0, 0, 116, 5.181034482758621) : 40
(601, 3, 139, 0, 0, 116, 5.181034482758621) : 1
(601, 3, 138, 0, 0, 116, 5.181034482758621) : 2
(601, 3, 128, 0, 0, 116, 5.181034482758621) : 4
(601, 3, 140, 0, 0, 116, 5.181034482758621) : 1
(601, 4, 135, 0, 0, 116, 5.181034482758621) : 17
(601, 4, 136, 0, 0, 116, 5.181034482758621) : 26
(601, 4, 130, 0, 0, 116, 5.181034482758621) : 15
(601, 4, 134, 0, 0, 116, 5.181034482758621) : 18
(601, 4, 129, 0, 0, 116, 5.181034482758621) : 7
(601, 4, 133, 0, 0, 116, 5.181034482758621) : 18
(601, 4, 132, 0, 0, 116, 5.181034482758621) : 13
(601, 4, 127, 0, 0, 116, 5.181034482758621) : 2
(601, 4, 139, 0, 0, 116, 5.181034482758621) : 2
(601, 4, 137, 0, 0, 116, 5.181034482758621) : 9
(601, 4, 131, 0, 0, 116, 5.181034482758621) : 18
(601, 4, 128, 0, 0, 116, 5.181034482758621) : 2
(602, 2, 138, 0, 0, 116, 5.189655172413793) : 5
(602, 2, 137, 0, 0, 116, 5.189655172413793) : 8
(602, 2, 135, 0, 0, 116, 5.189655172413793) : 4
(602, 2, 136, 0, 0, 116, 5.189655172413793) : 5
(602, 2, 132, 0, 0, 116, 5.189655172413793) : 4
(602, 2, 133, 0, 0, 116, 5.189655172413793) : 5
(602, 2, 140, 0, 0, 116, 5.189655172413793) : 1
(602, 2, 134, 0, 0, 116, 5.189655172413793) : 8
(602, 2, 141, 0, 0, 116, 5.189655172413793) : 2
(602, 3, 136, 0, 0, 116, 5.189655172413793) : 101
(602, 3, 138, 0, 0, 116, 5.189655172413793) : 151
(602, 3, 137, 0, 0, 116, 5.189655172413793) : 161
(602, 3, 134, 0, 0, 116, 5.189655172413793) : 118
(602, 3, 135, 0, 0, 116, 5.189655172413793) : 176
(602, 3, 139, 0, 0, 116, 5.189655172413793) : 33
(602, 3, 132, 0, 0, 116, 5.189655172413793) : 60
(602, 3, 133, 0, 0, 116, 5.189655172413793) : 52
(602, 3, 128, 0, 0, 116, 5.189655172413793) : 4
(602, 3, 140, 0, 0, 116, 5.189655172413793) : 5
(602, 3, 130, 0, 0, 116, 5.189655172413793) : 8
(602, 3, 131, 0, 0, 116, 5.189655172413793) : 17
(602, 3, 142, 0, 0, 116, 5.189655172413793) : 1
(602, 3, 127, 0, 0, 116, 5.189655172413793) : 2
(602, 4, 133, 0, 0, 116, 5.189655172413793) : 64
(602, 4, 135, 0, 0, 116, 5.189655172413793) : 69
(602, 4, 136, 0, 0, 116, 5.189655172413793) : 33
(602, 4, 138, 0, 0, 116, 5.189655172413793) : 103
(602, 4, 139, 0, 0, 116, 5.189655172413793) : 29
(602, 4, 134, 0, 0, 116, 5.189655172413793) : 36
(602, 4, 137, 0, 0, 116, 5.189655172413793) : 55
(602, 4, 130, 0, 0, 116, 5.189655172413793) : 2
(602, 4, 128, 0, 0, 116, 5.189655172413793) : 4
(602, 4, 140, 0, 0, 116, 5.189655172413793) : 2
(602, 4, 132, 0, 0, 116, 5.189655172413793) : 15
(602, 4, 131, 0, 0, 116, 5.189655172413793) : 6
(602, 4, 129, 0, 0, 116, 5.189655172413793) : 2
(603, 2, 140, 0, 0, 116, 5.198275862068965) : 7
(603, 2, 136, 0, 0, 116, 5.198275862068965) : 5
(603, 2, 139, 0, 0, 116, 5.198275862068965) : 2
(603, 2, 132, 0, 0, 116, 5.198275862068965) : 2
(603, 2, 134, 0, 0, 116, 5.198275862068965) : 5
(603, 2, 135, 0, 0, 116, 5.198275862068965) : 3
(603, 2, 142, 0, 0, 116, 5.198275862068965) : 1
(603, 3, 135, 0, 0, 116, 5.198275862068965) : 89
(603, 3, 140, 0, 0, 116, 5.198275862068965) : 206
(603, 3, 137, 0, 0, 116, 5.198275862068965) : 221
(603, 3, 139, 0, 0, 116, 5.198275862068965) : 273
(603, 3, 136, 0, 0, 116, 5.198275862068965) : 144
(603, 3, 138, 0, 0, 116, 5.198275862068965) : 147
(603, 3, 143, 0, 0, 116, 5.198275862068965) : 3
(603, 3, 141, 0, 0, 116, 5.198275862068965) : 45
(603, 3, 132, 0, 0, 116, 5.198275862068965) : 21
(603, 3, 133, 0, 0, 116, 5.198275862068965) : 19
(603, 3, 142, 0, 0, 116, 5.198275862068965) : 3
(603, 3, 134, 0, 0, 116, 5.198275862068965) : 58
(603, 3, 144, 0, 0, 116, 5.198275862068965) : 2
(603, 3, 131, 0, 0, 116, 5.198275862068965) : 12
(603, 3, 129, 0, 0, 116, 5.198275862068965) : 4
(603, 4, 139, 0, 0, 116, 5.198275862068965) : 101
(603, 4, 138, 0, 0, 116, 5.198275862068965) : 93
(603, 4, 140, 0, 0, 116, 5.198275862068965) : 95
(603, 4, 141, 0, 0, 116, 5.198275862068965) : 93
(603, 4, 136, 0, 0, 116, 5.198275862068965) : 103
(603, 4, 137, 0, 0, 116, 5.198275862068965) : 145
(603, 4, 135, 0, 0, 116, 5.198275862068965) : 25
(603, 4, 133, 0, 0, 116, 5.198275862068965) : 9
(603, 4, 130, 0, 0, 116, 5.198275862068965) : 8
(603, 4, 131, 0, 0, 116, 5.198275862068965) : 3
(603, 4, 134, 0, 0, 116, 5.198275862068965) : 13
(603, 4, 132, 0, 0, 116, 5.198275862068965) : 2
(603, 4, 129, 0, 0, 116, 5.198275862068965) : 2
(604, 2, 138, 0, 0, 116, 5.206896551724138) : 7
(604, 2, 140, 0, 0, 116, 5.206896551724138) : 4
(604, 2, 142, 0, 0, 116, 5.206896551724138) : 8
(604, 2, 137, 0, 0, 116, 5.206896551724138) : 7
(604, 2, 139, 0, 0, 116, 5.206896551724138) : 9
(604, 2, 135, 0, 0, 116, 5.206896551724138) : 5
(604, 2, 144, 0, 0, 116, 5.206896551724138) : 1
(604, 2, 136, 0, 0, 116, 5.206896551724138) : 2
(604, 2, 145, 0, 0, 116, 5.206896551724138) : 1
(604, 2, 141, 0, 0, 116, 5.206896551724138) : 1
(604, 2, 143, 0, 0, 116, 5.206896551724138) : 2
(604, 3, 142, 0, 0, 116, 5.206896551724138) : 251
(604, 3, 139, 0, 0, 116, 5.206896551724138) : 158
(604, 3, 141, 0, 0, 116, 5.206896551724138) : 351
(604, 3, 140, 0, 0, 116, 5.206896551724138) : 149
(604, 3, 143, 0, 0, 116, 5.206896551724138) : 100
(604, 3, 138, 0, 0, 116, 5.206896551724138) : 113
(604, 3, 137, 0, 0, 116, 5.206896551724138) : 91
(604, 3, 135, 0, 0, 116, 5.206896551724138) : 26
(604, 3, 134, 0, 0, 116, 5.206896551724138) : 26
(604, 3, 133, 0, 0, 116, 5.206896551724138) : 7
(604, 3, 144, 0, 0, 116, 5.206896551724138) : 2
(604, 3, 148, 0, 0, 116, 5.206896551724138) : 1
(604, 3, 136, 0, 0, 116, 5.206896551724138) : 66
(604, 3, 145, 0, 0, 116, 5.206896551724138) : 1
(604, 3, 132, 0, 0, 116, 5.206896551724138) : 8
(604, 4, 139, 0, 0, 116, 5.206896551724138) : 346
(604, 4, 136, 0, 0, 116, 5.206896551724138) : 22
(604, 4, 143, 0, 0, 116, 5.206896551724138) : 118
(604, 4, 141, 0, 0, 116, 5.206896551724138) : 259
(604, 4, 138, 0, 0, 116, 5.206896551724138) : 108
(604, 4, 142, 0, 0, 116, 5.206896551724138) : 82
(604, 4, 140, 0, 0, 116, 5.206896551724138) : 129
(604, 4, 145, 0, 0, 116, 5.206896551724138) : 5
(604, 4, 137, 0, 0, 116, 5.206896551724138) : 32
(604, 4, 135, 0, 0, 116, 5.206896551724138) : 2
(604, 4, 134, 0, 0, 116, 5.206896551724138) : 13
(604, 4, 131, 0, 0, 116, 5.206896551724138) : 2
(604, 4, 133, 0, 0, 116, 5.206896551724138) : 2
(604, 4, 132, 0, 0, 116, 5.206896551724138) : 1
(605, 2, 144, 0, 0, 116, 5.2155172413793105) : 9
(605, 2, 140, 0, 0, 116, 5.2155172413793105) : 3
(605, 2, 139, 0, 0, 116, 5.2155172413793105) : 10
(605, 2, 141, 0, 0, 116, 5.2155172413793105) : 6
(605, 2, 143, 0, 0, 116, 5.2155172413793105) : 8
(605, 2, 135, 0, 0, 116, 5.2155172413793105) : 2
(605, 2, 145, 0, 0, 116, 5.2155172413793105) : 3
(605, 2, 138, 0, 0, 116, 5.2155172413793105) : 1
(605, 2, 137, 0, 0, 116, 5.2155172413793105) : 1
(605, 3, 141, 0, 0, 116, 5.2155172413793105) : 125
(605, 3, 143, 0, 0, 116, 5.2155172413793105) : 235
(605, 3, 140, 0, 0, 116, 5.2155172413793105) : 88
(605, 3, 144, 0, 0, 116, 5.2155172413793105) : 181
(605, 3, 145, 0, 0, 116, 5.2155172413793105) : 178
(605, 3, 139, 0, 0, 116, 5.2155172413793105) : 56
(605, 3, 142, 0, 0, 116, 5.2155172413793105) : 109
(605, 3, 135, 0, 0, 116, 5.2155172413793105) : 5
(605, 3, 148, 0, 0, 116, 5.2155172413793105) : 2
(605, 3, 147, 0, 0, 116, 5.2155172413793105) : 9
(605, 3, 149, 0, 0, 116, 5.2155172413793105) : 1
(605, 3, 136, 0, 0, 116, 5.2155172413793105) : 16
(605, 3, 138, 0, 0, 116, 5.2155172413793105) : 43
(605, 3, 137, 0, 0, 116, 5.2155172413793105) : 23
(605, 3, 134, 0, 0, 116, 5.2155172413793105) : 9
(605, 3, 146, 0, 0, 116, 5.2155172413793105) : 3
(605, 4, 140, 0, 0, 116, 5.2155172413793105) : 58
(605, 4, 143, 0, 0, 116, 5.2155172413793105) : 381
(605, 4, 144, 0, 0, 116, 5.2155172413793105) : 83
(605, 4, 145, 0, 0, 116, 5.2155172413793105) : 102
(605, 4, 142, 0, 0, 116, 5.2155172413793105) : 178
(605, 4, 141, 0, 0, 116, 5.2155172413793105) : 56
(605, 4, 139, 0, 0, 116, 5.2155172413793105) : 39
(605, 4, 135, 0, 0, 116, 5.2155172413793105) : 6
(605, 4, 147, 0, 0, 116, 5.2155172413793105) : 5
(605, 4, 146, 0, 0, 116, 5.2155172413793105) : 7
(605, 4, 148, 0, 0, 116, 5.2155172413793105) : 1
(605, 4, 137, 0, 0, 116, 5.2155172413793105) : 6
(605, 4, 138, 0, 0, 116, 5.2155172413793105) : 38
(605, 4, 136, 0, 0, 116, 5.2155172413793105) : 10
(605, 4, 134, 0, 0, 116, 5.2155172413793105) : 2
(606, 2, 140, 0, 0, 116, 5.224137931034483) : 7
(606, 2, 145, 0, 0, 116, 5.224137931034483) : 1
(606, 2, 141, 0, 0, 116, 5.224137931034483) : 3
(606, 2, 138, 0, 0, 116, 5.224137931034483) : 3
(606, 2, 143, 0, 0, 116, 5.224137931034483) : 2
(606, 2, 147, 0, 0, 116, 5.224137931034483) : 1
(606, 3, 147, 0, 0, 116, 5.224137931034483) : 383
(606, 3, 143, 0, 0, 116, 5.224137931034483) : 153
(606, 3, 146, 0, 0, 116, 5.224137931034483) : 147
(606, 3, 142, 0, 0, 116, 5.224137931034483) : 131
(606, 3, 141, 0, 0, 116, 5.224137931034483) : 88
(606, 3, 145, 0, 0, 116, 5.224137931034483) : 113
(606, 3, 144, 0, 0, 116, 5.224137931034483) : 32
(606, 3, 138, 0, 0, 116, 5.224137931034483) : 19
(606, 3, 137, 0, 0, 116, 5.224137931034483) : 17
(606, 3, 149, 0, 0, 116, 5.224137931034483) : 9
(606, 3, 148, 0, 0, 116, 5.224137931034483) : 11
(606, 3, 140, 0, 0, 116, 5.224137931034483) : 56
(606, 3, 139, 0, 0, 116, 5.224137931034483) : 15
(606, 3, 135, 0, 0, 116, 5.224137931034483) : 5
(606, 4, 147, 0, 0, 116, 5.224137931034483) : 400
(606, 4, 145, 0, 0, 116, 5.224137931034483) : 578
(606, 4, 146, 0, 0, 116, 5.224137931034483) : 242
(606, 4, 144, 0, 0, 116, 5.224137931034483) : 90
(606, 4, 142, 0, 0, 116, 5.224137931034483) : 133
(606, 4, 143, 0, 0, 116, 5.224137931034483) : 96
(606, 4, 141, 0, 0, 116, 5.224137931034483) : 41
(606, 4, 148, 0, 0, 116, 5.224137931034483) : 12
(606, 4, 136, 0, 0, 116, 5.224137931034483) : 2
(606, 4, 138, 0, 0, 116, 5.224137931034483) : 4
(606, 4, 149, 0, 0, 116, 5.224137931034483) : 21
(606, 4, 139, 0, 0, 116, 5.224137931034483) : 11
(606, 4, 137, 0, 0, 116, 5.224137931034483) : 6
(606, 4, 140, 0, 0, 116, 5.224137931034483) : 16
(606, 4, 133, 0, 0, 116, 5.224137931034483) : 2
(607, 2, 144, 0, 0, 116, 5.232758620689655) : 1
(607, 2, 142, 0, 0, 116, 5.232758620689655) : 2
(607, 2, 147, 0, 0, 116, 5.232758620689655) : 6
(607, 2, 148, 0, 0, 116, 5.232758620689655) : 1
(607, 2, 146, 0, 0, 116, 5.232758620689655) : 2
(607, 2, 141, 0, 0, 116, 5.232758620689655) : 1
(607, 3, 148, 0, 0, 116, 5.232758620689655) : 156
(607, 3, 149, 0, 0, 116, 5.232758620689655) : 128
(607, 3, 144, 0, 0, 116, 5.232758620689655) : 122
(607, 3, 143, 0, 0, 116, 5.232758620689655) : 84
(607, 3, 145, 0, 0, 116, 5.232758620689655) : 111
(607, 3, 147, 0, 0, 116, 5.232758620689655) : 76
(607, 3, 142, 0, 0, 116, 5.232758620689655) : 53
(607, 3, 146, 0, 0, 116, 5.232758620689655) : 28
(607, 3, 139, 0, 0, 116, 5.232758620689655) : 11
(607, 3, 151, 0, 0, 116, 5.232758620689655) : 5
(607, 3, 141, 0, 0, 116, 5.232758620689655) : 12
(607, 3, 140, 0, 0, 116, 5.232758620689655) : 9
(607, 3, 138, 0, 0, 116, 5.232758620689655) : 8
(607, 3, 137, 0, 0, 116, 5.232758620689655) : 1
(607, 3, 150, 0, 0, 116, 5.232758620689655) : 1
(607, 4, 149, 0, 0, 116, 5.232758620689655) : 818
(607, 4, 151, 0, 0, 116, 5.232758620689655) : 83
(607, 4, 148, 0, 0, 116, 5.232758620689655) : 393
(607, 4, 145, 0, 0, 116, 5.232758620689655) : 112
(607, 4, 147, 0, 0, 116, 5.232758620689655) : 242
(607, 4, 144, 0, 0, 116, 5.232758620689655) : 94
(607, 4, 143, 0, 0, 116, 5.232758620689655) : 19
(607, 4, 146, 0, 0, 116, 5.232758620689655) : 51
(607, 4, 154, 0, 0, 116, 5.232758620689655) : 1
(607, 4, 153, 0, 0, 116, 5.232758620689655) : 1
(607, 4, 150, 0, 0, 116, 5.232758620689655) : 3
(607, 4, 142, 0, 0, 116, 5.232758620689655) : 11
(607, 4, 141, 0, 0, 116, 5.232758620689655) : 8
(607, 4, 140, 0, 0, 116, 5.232758620689655) : 5
(607, 4, 139, 0, 0, 116, 5.232758620689655) : 2
(608, 2, 145, 0, 0, 116, 5.241379310344827) : 2
(608, 2, 139, 0, 0, 116, 5.241379310344827) : 1
(608, 2, 140, 0, 0, 116, 5.241379310344827) : 1
(608, 3, 151, 0, 0, 116, 5.241379310344827) : 64
(608, 3, 145, 0, 0, 116, 5.241379310344827) : 64
(608, 3, 149, 0, 0, 116, 5.241379310344827) : 78
(608, 3, 146, 0, 0, 116, 5.241379310344827) : 61
(608, 3, 148, 0, 0, 116, 5.241379310344827) : 10
(608, 3, 150, 0, 0, 116, 5.241379310344827) : 7
(608, 3, 144, 0, 0, 116, 5.241379310344827) : 16
(608, 3, 147, 0, 0, 116, 5.241379310344827) : 2
(608, 3, 143, 0, 0, 116, 5.241379310344827) : 8
(608, 3, 139, 0, 0, 116, 5.241379310344827) : 4
(608, 3, 140, 0, 0, 116, 5.241379310344827) : 6
(608, 3, 137, 0, 0, 116, 5.241379310344827) : 2
(608, 3, 152, 0, 0, 116, 5.241379310344827) : 1
(608, 3, 142, 0, 0, 116, 5.241379310344827) : 3
(608, 3, 141, 0, 0, 116, 5.241379310344827) : 1
(608, 4, 149, 0, 0, 116, 5.241379310344827) : 214
(608, 4, 151, 0, 0, 116, 5.241379310344827) : 795
(608, 4, 150, 0, 0, 116, 5.241379310344827) : 142
(608, 4, 144, 0, 0, 116, 5.241379310344827) : 9
(608, 4, 148, 0, 0, 116, 5.241379310344827) : 32
(608, 4, 145, 0, 0, 116, 5.241379310344827) : 8
(608, 4, 146, 0, 0, 116, 5.241379310344827) : 64
(608, 4, 147, 0, 0, 116, 5.241379310344827) : 9
(608, 4, 143, 0, 0, 116, 5.241379310344827) : 3
(608, 4, 152, 0, 0, 116, 5.241379310344827) : 2
(609, 2, 141, 0, 0, 116, 5.25) : 1
(609, 2, 140, 0, 0, 116, 5.25) : 1
(609, 3, 140, 0, 0, 116, 5.25) : 1
(609, 3, 149, 0, 0, 116, 5.25) : 4
(609, 3, 146, 0, 0, 116, 5.25) : 5
(609, 3, 145, 0, 0, 116, 5.25) : 2
(609, 3, 142, 0, 0, 116, 5.25) : 1
(609, 3, 143, 0, 0, 116, 5.25) : 1
(609, 4, 151, 0, 0, 116, 5.25) : 57
(609, 4, 149, 0, 0, 116, 5.25) : 3
(609, 4, 150, 0, 0, 116, 5.25) : 2
(609, 4, 145, 0, 0, 116, 5.25) : 1
(609, 4, 144, 0, 0, 116, 5.25) : 1
(609, 4, 147, 0, 0, 116, 5.25) : 3
(609, 4, 143, 0, 0, 116, 5.25) : 3
(609, 4, 146, 0, 0, 116, 5.25) : 2
(609, 4, 148, 0, 0, 116, 5.25) : 1
(610, 3, 148, 0, 0, 116, 5.258620689655173) : 1
(610, 3, 145, 0, 0, 116, 5.258620689655173) : 1
(610, 3, 141, 0, 0, 116, 5.258620689655173) : 1
(610, 3, 142, 0, 0, 116, 5.258620689655173) : 1
(610, 3, 143, 0, 0, 116, 5.258620689655173) : 1
=== 0: 16367 | @ 0m26s.120
(594, 3, 118, 0, 0, 116, 5.120689655172414) : 2
(595, 3, 123, 0, 0, 116, 5.129310344827586) : 1
(595, 4, 120, 0, 0, 116, 5.129310344827586) : 4
(596, 3, 126, 0, 0, 116, 5.137931034482759) : 2
(596, 3, 124, 0, 0, 116, 5.137931034482759) : 6
(596, 3, 127, 0, 0, 116, 5.137931034482759) : 4
(596, 3, 121, 0, 0, 116, 5.137931034482759) : 2
(596, 3, 125, 0, 0, 116, 5.137931034482759) : 2
(596, 3, 128, 0, 0, 116, 5.137931034482759) : 2
(596, 4, 122, 0, 0, 116, 5.137931034482759) : 2
(596, 4, 125, 0, 0, 116, 5.137931034482759) : 2
(596, 4, 123, 0, 0, 116, 5.137931034482759) : 2
(596, 4, 127, 0, 0, 116, 5.137931034482759) : 2
(597, 3, 123, 0, 0, 116, 5.146551724137931) : 4
(597, 3, 125, 0, 0, 116, 5.146551724137931) : 5
(597, 3, 127, 0, 0, 116, 5.146551724137931) : 3
(597, 3, 128, 0, 0, 116, 5.146551724137931) : 6
(597, 3, 122, 0, 0, 116, 5.146551724137931) : 2
(597, 3, 126, 0, 0, 116, 5.146551724137931) : 3
(597, 3, 121, 0, 0, 116, 5.146551724137931) : 2
(597, 4, 126, 0, 0, 116, 5.146551724137931) : 4
(597, 4, 125, 0, 0, 116, 5.146551724137931) : 1
(597, 4, 128, 0, 0, 116, 5.146551724137931) : 2
(598, 2, 126, 0, 0, 116, 5.155172413793103) : 1
(598, 3, 130, 0, 0, 116, 5.155172413793103) : 13
(598, 3, 125, 0, 0, 116, 5.155172413793103) : 6
(598, 3, 121, 0, 0, 116, 5.155172413793103) : 2
(598, 3, 126, 0, 0, 116, 5.155172413793103) : 6
(598, 3, 127, 0, 0, 116, 5.155172413793103) : 4
(598, 3, 128, 0, 0, 116, 5.155172413793103) : 12
(598, 3, 129, 0, 0, 116, 5.155172413793103) : 16
(598, 3, 132, 0, 0, 116, 5.155172413793103) : 1
(598, 3, 131, 0, 0, 116, 5.155172413793103) : 13
(598, 4, 122, 0, 0, 116, 5.155172413793103) : 4
(598, 4, 129, 0, 0, 116, 5.155172413793103) : 11
(598, 4, 131, 0, 0, 116, 5.155172413793103) : 5
(598, 4, 128, 0, 0, 116, 5.155172413793103) : 1
(598, 4, 125, 0, 0, 116, 5.155172413793103) : 9
(598, 4, 126, 0, 0, 116, 5.155172413793103) : 4
(598, 4, 127, 0, 0, 116, 5.155172413793103) : 2
(599, 2, 130, 0, 0, 116, 5.163793103448276) : 2
(599, 2, 131, 0, 0, 116, 5.163793103448276) : 1
(599, 3, 129, 0, 0, 116, 5.163793103448276) : 18
(599, 3, 127, 0, 0, 116, 5.163793103448276) : 11
(599, 3, 130, 0, 0, 116, 5.163793103448276) : 21
(599, 3, 126, 0, 0, 116, 5.163793103448276) : 5
(599, 3, 135, 0, 0, 116, 5.163793103448276) : 2
(599, 3, 132, 0, 0, 116, 5.163793103448276) : 23
(599, 3, 131, 0, 0, 116, 5.163793103448276) : 29
(599, 3, 133, 0, 0, 116, 5.163793103448276) : 7
(599, 3, 128, 0, 0, 116, 5.163793103448276) : 11
(599, 3, 134, 0, 0, 116, 5.163793103448276) : 2
(599, 3, 125, 0, 0, 116, 5.163793103448276) : 2
(599, 4, 126, 0, 0, 116, 5.163793103448276) : 4
(599, 4, 133, 0, 0, 116, 5.163793103448276) : 35
(599, 4, 129, 0, 0, 116, 5.163793103448276) : 17
(599, 4, 128, 0, 0, 116, 5.163793103448276) : 12
(599, 4, 125, 0, 0, 116, 5.163793103448276) : 6
(599, 4, 134, 0, 0, 116, 5.163793103448276) : 2
(599, 4, 132, 0, 0, 116, 5.163793103448276) : 19
(599, 4, 131, 0, 0, 116, 5.163793103448276) : 5
(599, 4, 130, 0, 0, 116, 5.163793103448276) : 5
(599, 4, 127, 0, 0, 116, 5.163793103448276) : 6
(600, 2, 133, 0, 0, 116, 5.172413793103448) : 5
(600, 2, 135, 0, 0, 116, 5.172413793103448) : 3
(600, 2, 131, 0, 0, 116, 5.172413793103448) : 2
(600, 2, 134, 0, 0, 116, 5.172413793103448) : 4
(600, 2, 132, 0, 0, 116, 5.172413793103448) : 3
(600, 2, 137, 0, 0, 116, 5.172413793103448) : 1
(600, 2, 130, 0, 0, 116, 5.172413793103448) : 1
(600, 3, 134, 0, 0, 116, 5.172413793103448) : 31
(600, 3, 132, 0, 0, 116, 5.172413793103448) : 50
(600, 3, 135, 0, 0, 116, 5.172413793103448) : 29
(600, 3, 126, 0, 0, 116, 5.172413793103448) : 2
(600, 3, 130, 0, 0, 116, 5.172413793103448) : 60
(600, 3, 131, 0, 0, 116, 5.172413793103448) : 28
(600, 3, 133, 0, 0, 116, 5.172413793103448) : 71
(600, 3, 129, 0, 0, 116, 5.172413793103448) : 30
(600, 3, 128, 0, 0, 116, 5.172413793103448) : 7
(600, 3, 127, 0, 0, 116, 5.172413793103448) : 5
(600, 3, 136, 0, 0, 116, 5.172413793103448) : 5
(600, 3, 138, 0, 0, 116, 5.172413793103448) : 1
(600, 4, 133, 0, 0, 116, 5.172413793103448) : 17
(600, 4, 135, 0, 0, 116, 5.172413793103448) : 44
(600, 4, 129, 0, 0, 116, 5.172413793103448) : 17
(600, 4, 126, 0, 0, 116, 5.172413793103448) : 4
(600, 4, 132, 0, 0, 116, 5.172413793103448) : 29
(600, 4, 130, 0, 0, 116, 5.172413793103448) : 18
(600, 4, 131, 0, 0, 116, 5.172413793103448) : 12
(600, 4, 134, 0, 0, 116, 5.172413793103448) : 14
(600, 4, 127, 0, 0, 116, 5.172413793103448) : 2
(600, 4, 128, 0, 0, 116, 5.172413793103448) : 6
(600, 4, 136, 0, 0, 116, 5.172413793103448) : 4
(601, 2, 136, 0, 0, 116, 5.181034482758621) : 5
(601, 2, 130, 0, 0, 116, 5.181034482758621) : 1
(601, 2, 132, 0, 0, 116, 5.181034482758621) : 5
(601, 2, 131, 0, 0, 116, 5.181034482758621) : 1
(601, 2, 137, 0, 0, 116, 5.181034482758621) : 2
(601, 2, 133, 0, 0, 116, 5.181034482758621) : 4
(601, 2, 134, 0, 0, 116, 5.181034482758621) : 3
(601, 2, 139, 0, 0, 116, 5.181034482758621) : 1
(601, 3, 135, 0, 0, 116, 5.181034482758621) : 60
(601, 3, 131, 0, 0, 116, 5.181034482758621) : 56
(601, 3, 136, 0, 0, 116, 5.181034482758621) : 80
(601, 3, 138, 0, 0, 116, 5.181034482758621) : 7
(601, 3, 133, 0, 0, 116, 5.181034482758621) : 47
(601, 3, 132, 0, 0, 116, 5.181034482758621) : 38
(601, 3, 137, 0, 0, 116, 5.181034482758621) : 62
(601, 3, 134, 0, 0, 116, 5.181034482758621) : 75
(601, 3, 130, 0, 0, 116, 5.181034482758621) : 17
(601, 3, 139, 0, 0, 116, 5.181034482758621) : 3
(601, 3, 128, 0, 0, 116, 5.181034482758621) : 2
(601, 3, 129, 0, 0, 116, 5.181034482758621) : 2
(601, 3, 141, 0, 0, 116, 5.181034482758621) : 1
(601, 4, 135, 0, 0, 116, 5.181034482758621) : 36
(601, 4, 132, 0, 0, 116, 5.181034482758621) : 32
(601, 4, 127, 0, 0, 116, 5.181034482758621) : 2
(601, 4, 133, 0, 0, 116, 5.181034482758621) : 47
(601, 4, 131, 0, 0, 116, 5.181034482758621) : 27
(601, 4, 134, 0, 0, 116, 5.181034482758621) : 58
(601, 4, 129, 0, 0, 116, 5.181034482758621) : 5
(601, 4, 136, 0, 0, 116, 5.181034482758621) : 27
(601, 4, 140, 0, 0, 116, 5.181034482758621) : 2
(601, 4, 128, 0, 0, 116, 5.181034482758621) : 2
(601, 4, 137, 0, 0, 116, 5.181034482758621) : 12
(601, 4, 130, 0, 0, 116, 5.181034482758621) : 6
(601, 4, 138, 0, 0, 116, 5.181034482758621) : 4
(602, 2, 138, 0, 0, 116, 5.189655172413793) : 11
(602, 2, 133, 0, 0, 116, 5.189655172413793) : 4
(602, 2, 136, 0, 0, 116, 5.189655172413793) : 1
(602, 2, 134, 0, 0, 116, 5.189655172413793) : 2
(602, 2, 140, 0, 0, 116, 5.189655172413793) : 1
(602, 2, 137, 0, 0, 116, 5.189655172413793) : 3
(602, 2, 135, 0, 0, 116, 5.189655172413793) : 2
(602, 2, 132, 0, 0, 116, 5.189655172413793) : 1
(602, 2, 139, 0, 0, 116, 5.189655172413793) : 1
(602, 3, 136, 0, 0, 116, 5.189655172413793) : 128
(602, 3, 138, 0, 0, 116, 5.189655172413793) : 150
(602, 3, 137, 0, 0, 116, 5.189655172413793) : 138
(602, 3, 139, 0, 0, 116, 5.189655172413793) : 141
(602, 3, 134, 0, 0, 116, 5.189655172413793) : 71
(602, 3, 140, 0, 0, 116, 5.189655172413793) : 38
(602, 3, 131, 0, 0, 116, 5.189655172413793) : 16
(602, 3, 135, 0, 0, 116, 5.189655172413793) : 84
(602, 3, 133, 0, 0, 116, 5.189655172413793) : 32
(602, 3, 141, 0, 0, 116, 5.189655172413793) : 3
(602, 3, 132, 0, 0, 116, 5.189655172413793) : 11
(602, 3, 130, 0, 0, 116, 5.189655172413793) : 9
(602, 3, 142, 0, 0, 116, 5.189655172413793) : 2
(602, 3, 143, 0, 0, 116, 5.189655172413793) : 3
(602, 3, 128, 0, 0, 116, 5.189655172413793) : 2
(602, 4, 133, 0, 0, 116, 5.189655172413793) : 22
(602, 4, 136, 0, 0, 116, 5.189655172413793) : 138
(602, 4, 134, 0, 0, 116, 5.189655172413793) : 87
(602, 4, 128, 0, 0, 116, 5.189655172413793) : 8
(602, 4, 138, 0, 0, 116, 5.189655172413793) : 123
(602, 4, 135, 0, 0, 116, 5.189655172413793) : 74
(602, 4, 140, 0, 0, 116, 5.189655172413793) : 22
(602, 4, 139, 0, 0, 116, 5.189655172413793) : 45
(602, 4, 131, 0, 0, 116, 5.189655172413793) : 6
(602, 4, 132, 0, 0, 116, 5.189655172413793) : 4
(602, 4, 137, 0, 0, 116, 5.189655172413793) : 65
(602, 4, 141, 0, 0, 116, 5.189655172413793) : 2
(602, 4, 130, 0, 0, 116, 5.189655172413793) : 6
(603, 2, 138, 0, 0, 116, 5.198275862068965) : 2
(603, 2, 136, 0, 0, 116, 5.198275862068965) : 2
(603, 2, 142, 0, 0, 116, 5.198275862068965) : 4
(603, 2, 141, 0, 0, 116, 5.198275862068965) : 3
(603, 2, 137, 0, 0, 116, 5.198275862068965) : 8
(603, 2, 134, 0, 0, 116, 5.198275862068965) : 2
(603, 2, 135, 0, 0, 116, 5.198275862068965) : 5
(603, 2, 144, 0, 0, 116, 5.198275862068965) : 1
(603, 3, 135, 0, 0, 116, 5.198275862068965) : 52
(603, 3, 140, 0, 0, 116, 5.198275862068965) : 250
(603, 3, 137, 0, 0, 116, 5.198275862068965) : 115
(603, 3, 144, 0, 0, 116, 5.198275862068965) : 4
(603, 3, 142, 0, 0, 116, 5.198275862068965) : 45
(603, 3, 138, 0, 0, 116, 5.198275862068965) : 129
(603, 3, 132, 0, 0, 116, 5.198275862068965) : 5
(603, 3, 134, 0, 0, 116, 5.198275862068965) : 15
(603, 3, 141, 0, 0, 116, 5.198275862068965) : 211
(603, 3, 139, 0, 0, 116, 5.198275862068965) : 109
(603, 3, 136, 0, 0, 116, 5.198275862068965) : 66
(603, 3, 133, 0, 0, 116, 5.198275862068965) : 9
(603, 3, 143, 0, 0, 116, 5.198275862068965) : 3
(603, 3, 131, 0, 0, 116, 5.198275862068965) : 5
(603, 4, 139, 0, 0, 116, 5.198275862068965) : 73
(603, 4, 138, 0, 0, 116, 5.198275862068965) : 220
(603, 4, 140, 0, 0, 116, 5.198275862068965) : 276
(603, 4, 141, 0, 0, 116, 5.198275862068965) : 127
(603, 4, 136, 0, 0, 116, 5.198275862068965) : 38
(603, 4, 137, 0, 0, 116, 5.198275862068965) : 202
(603, 4, 135, 0, 0, 116, 5.198275862068965) : 34
(603, 4, 133, 0, 0, 116, 5.198275862068965) : 19
(603, 4, 131, 0, 0, 116, 5.198275862068965) : 8
(603, 4, 142, 0, 0, 116, 5.198275862068965) : 73
(603, 4, 134, 0, 0, 116, 5.198275862068965) : 12
(603, 4, 130, 0, 0, 116, 5.198275862068965) : 3
(603, 4, 132, 0, 0, 116, 5.198275862068965) : 6
(603, 4, 129, 0, 0, 116, 5.198275862068965) : 4
(604, 2, 143, 0, 0, 116, 5.206896551724138) : 6
(604, 2, 137, 0, 0, 116, 5.206896551724138) : 5
(604, 2, 142, 0, 0, 116, 5.206896551724138) : 3
(604, 2, 139, 0, 0, 116, 5.206896551724138) : 7
(604, 2, 140, 0, 0, 116, 5.206896551724138) : 4
(604, 2, 145, 0, 0, 116, 5.206896551724138) : 2
(604, 2, 138, 0, 0, 116, 5.206896551724138) : 2
(604, 2, 136, 0, 0, 116, 5.206896551724138) : 2
(604, 2, 146, 0, 0, 116, 5.206896551724138) : 2
(604, 3, 142, 0, 0, 116, 5.206896551724138) : 298
(604, 3, 139, 0, 0, 116, 5.206896551724138) : 56
(604, 3, 141, 0, 0, 116, 5.206896551724138) : 131
(604, 3, 143, 0, 0, 116, 5.206896551724138) : 248
(604, 3, 144, 0, 0, 116, 5.206896551724138) : 77
(604, 3, 140, 0, 0, 116, 5.206896551724138) : 123
(604, 3, 138, 0, 0, 116, 5.206896551724138) : 61
(604, 3, 135, 0, 0, 116, 5.206896551724138) : 19
(604, 3, 134, 0, 0, 116, 5.206896551724138) : 6
(604, 3, 146, 0, 0, 116, 5.206896551724138) : 2
(604, 3, 145, 0, 0, 116, 5.206896551724138) : 2
(604, 3, 137, 0, 0, 116, 5.206896551724138) : 37
(604, 3, 136, 0, 0, 116, 5.206896551724138) : 26
(604, 3, 133, 0, 0, 116, 5.206896551724138) : 2
(604, 3, 132, 0, 0, 116, 5.206896551724138) : 1
(604, 4, 139, 0, 0, 116, 5.206896551724138) : 68
(604, 4, 136, 0, 0, 116, 5.206896551724138) : 5
(604, 4, 143, 0, 0, 116, 5.206896551724138) : 92
(604, 4, 141, 0, 0, 116, 5.206896551724138) : 93
(604, 4, 138, 0, 0, 116, 5.206896551724138) : 65
(604, 4, 142, 0, 0, 116, 5.206896551724138) : 285
(604, 4, 140, 0, 0, 116, 5.206896551724138) : 338
(604, 4, 144, 0, 0, 116, 5.206896551724138) : 129
(604, 4, 137, 0, 0, 116, 5.206896551724138) : 25
(604, 4, 135, 0, 0, 116, 5.206896551724138) : 7
(604, 4, 146, 0, 0, 116, 5.206896551724138) : 3
(604, 4, 145, 0, 0, 116, 5.206896551724138) : 2
(604, 4, 134, 0, 0, 116, 5.206896551724138) : 7
(604, 4, 132, 0, 0, 116, 5.206896551724138) : 2
(604, 4, 133, 0, 0, 116, 5.206896551724138) : 2
(605, 2, 141, 0, 0, 116, 5.2155172413793105) : 6
(605, 2, 146, 0, 0, 116, 5.2155172413793105) : 11
(605, 2, 139, 0, 0, 116, 5.2155172413793105) : 2
(605, 2, 144, 0, 0, 116, 5.2155172413793105) : 3
(605, 2, 145, 0, 0, 116, 5.2155172413793105) : 7
(605, 2, 140, 0, 0, 116, 5.2155172413793105) : 5
(605, 2, 136, 0, 0, 116, 5.2155172413793105) : 1
(605, 2, 142, 0, 0, 116, 5.2155172413793105) : 5
(605, 2, 137, 0, 0, 116, 5.2155172413793105) : 2
(605, 2, 138, 0, 0, 116, 5.2155172413793105) : 1
(605, 2, 147, 0, 0, 116, 5.2155172413793105) : 1
(605, 3, 141, 0, 0, 116, 5.2155172413793105) : 90
(605, 3, 143, 0, 0, 116, 5.2155172413793105) : 100
(605, 3, 140, 0, 0, 116, 5.2155172413793105) : 72
(605, 3, 144, 0, 0, 116, 5.2155172413793105) : 161
(605, 3, 146, 0, 0, 116, 5.2155172413793105) : 214
(605, 3, 142, 0, 0, 116, 5.2155172413793105) : 139
(605, 3, 145, 0, 0, 116, 5.2155172413793105) : 131
(605, 3, 148, 0, 0, 116, 5.2155172413793105) : 11
(605, 3, 139, 0, 0, 116, 5.2155172413793105) : 53
(605, 3, 147, 0, 0, 116, 5.2155172413793105) : 3
(605, 3, 150, 0, 0, 116, 5.2155172413793105) : 1
(605, 3, 151, 0, 0, 116, 5.2155172413793105) : 1
(605, 3, 136, 0, 0, 116, 5.2155172413793105) : 13
(605, 3, 138, 0, 0, 116, 5.2155172413793105) : 17
(605, 3, 137, 0, 0, 116, 5.2155172413793105) : 8
(605, 4, 140, 0, 0, 116, 5.2155172413793105) : 42
(605, 4, 143, 0, 0, 116, 5.2155172413793105) : 194
(605, 4, 144, 0, 0, 116, 5.2155172413793105) : 419
(605, 4, 148, 0, 0, 116, 5.2155172413793105) : 5
(605, 4, 145, 0, 0, 116, 5.2155172413793105) : 127
(605, 4, 142, 0, 0, 116, 5.2155172413793105) : 86
(605, 4, 141, 0, 0, 116, 5.2155172413793105) : 74
(605, 4, 146, 0, 0, 116, 5.2155172413793105) : 137
(605, 4, 139, 0, 0, 116, 5.2155172413793105) : 33
(605, 4, 136, 0, 0, 116, 5.2155172413793105) : 8
(605, 4, 147, 0, 0, 116, 5.2155172413793105) : 6
(605, 4, 137, 0, 0, 116, 5.2155172413793105) : 12
(605, 4, 138, 0, 0, 116, 5.2155172413793105) : 4
(606, 2, 147, 0, 0, 116, 5.224137931034483) : 4
(606, 2, 139, 0, 0, 116, 5.224137931034483) : 2
(606, 2, 144, 0, 0, 116, 5.224137931034483) : 2
(606, 2, 146, 0, 0, 116, 5.224137931034483) : 1
(606, 2, 143, 0, 0, 116, 5.224137931034483) : 2
(606, 2, 141, 0, 0, 116, 5.224137931034483) : 1
(606, 3, 147, 0, 0, 116, 5.224137931034483) : 194
(606, 3, 143, 0, 0, 116, 5.224137931034483) : 179
(606, 3, 148, 0, 0, 116, 5.224137931034483) : 326
(606, 3, 144, 0, 0, 116, 5.224137931034483) : 146
(606, 3, 142, 0, 0, 116, 5.224137931034483) : 67
(606, 3, 146, 0, 0, 116, 5.224137931034483) : 79
(606, 3, 150, 0, 0, 116, 5.224137931034483) : 8
(606, 3, 145, 0, 0, 116, 5.224137931034483) : 34
(606, 3, 137, 0, 0, 116, 5.224137931034483) : 5
(606, 3, 149, 0, 0, 116, 5.224137931034483) : 10
(606, 3, 141, 0, 0, 116, 5.224137931034483) : 25
(606, 3, 140, 0, 0, 116, 5.224137931034483) : 11
(606, 3, 151, 0, 0, 116, 5.224137931034483) : 1
(606, 3, 138, 0, 0, 116, 5.224137931034483) : 17
(606, 3, 139, 0, 0, 116, 5.224137931034483) : 15
(606, 3, 136, 0, 0, 116, 5.224137931034483) : 1
(606, 4, 147, 0, 0, 116, 5.224137931034483) : 280
(606, 4, 145, 0, 0, 116, 5.224137931034483) : 177
(606, 4, 146, 0, 0, 116, 5.224137931034483) : 542
(606, 4, 144, 0, 0, 116, 5.224137931034483) : 150
(606, 4, 142, 0, 0, 116, 5.224137931034483) : 48
(606, 4, 143, 0, 0, 116, 5.224137931034483) : 161
(606, 4, 148, 0, 0, 116, 5.224137931034483) : 398
(606, 4, 149, 0, 0, 116, 5.224137931034483) : 13
(606, 4, 141, 0, 0, 116, 5.224137931034483) : 19
(606, 4, 150, 0, 0, 116, 5.224137931034483) : 29
(606, 4, 136, 0, 0, 116, 5.224137931034483) : 2
(606, 4, 153, 0, 0, 116, 5.224137931034483) : 1
(606, 4, 152, 0, 0, 116, 5.224137931034483) : 2
(606, 4, 151, 0, 0, 116, 5.224137931034483) : 1
(606, 4, 140, 0, 0, 116, 5.224137931034483) : 9
(606, 4, 137, 0, 0, 116, 5.224137931034483) : 2
(606, 4, 139, 0, 0, 116, 5.224137931034483) : 4
(606, 4, 138, 0, 0, 116, 5.224137931034483) : 2
(607, 2, 138, 0, 0, 116, 5.232758620689655) : 1
(607, 2, 145, 0, 0, 116, 5.232758620689655) : 3
(607, 2, 143, 0, 0, 116, 5.232758620689655) : 1
(607, 2, 139, 0, 0, 116, 5.232758620689655) : 1
(607, 2, 142, 0, 0, 116, 5.232758620689655) : 1
(607, 2, 150, 0, 0, 116, 5.232758620689655) : 1
(607, 3, 148, 0, 0, 116, 5.232758620689655) : 83
(607, 3, 149, 0, 0, 116, 5.232758620689655) : 123
(607, 3, 144, 0, 0, 116, 5.232758620689655) : 59
(607, 3, 143, 0, 0, 116, 5.232758620689655) : 39
(607, 3, 145, 0, 0, 116, 5.232758620689655) : 137
(607, 3, 150, 0, 0, 116, 5.232758620689655) : 163
(607, 3, 146, 0, 0, 116, 5.232758620689655) : 130
(607, 3, 142, 0, 0, 116, 5.232758620689655) : 6
(607, 3, 147, 0, 0, 116, 5.232758620689655) : 27
(607, 3, 152, 0, 0, 116, 5.232758620689655) : 3
(607, 3, 138, 0, 0, 116, 5.232758620689655) : 3
(607, 3, 151, 0, 0, 116, 5.232758620689655) : 3
(607, 3, 139, 0, 0, 116, 5.232758620689655) : 3
(607, 3, 140, 0, 0, 116, 5.232758620689655) : 2
(607, 3, 137, 0, 0, 116, 5.232758620689655) : 2
(607, 4, 149, 0, 0, 116, 5.232758620689655) : 373
(607, 4, 151, 0, 0, 116, 5.232758620689655) : 10
(607, 4, 148, 0, 0, 116, 5.232758620689655) : 218
(607, 4, 145, 0, 0, 116, 5.232758620689655) : 113
(607, 4, 147, 0, 0, 116, 5.232758620689655) : 61
(607, 4, 144, 0, 0, 116, 5.232758620689655) : 29
(607, 4, 150, 0, 0, 116, 5.232758620689655) : 774
(607, 4, 146, 0, 0, 116, 5.232758620689655) : 108
(607, 4, 143, 0, 0, 116, 5.232758620689655) : 26
(607, 4, 152, 0, 0, 116, 5.232758620689655) : 68
(607, 4, 142, 0, 0, 116, 5.232758620689655) : 12
(607, 4, 153, 0, 0, 116, 5.232758620689655) : 2
(607, 4, 136, 0, 0, 116, 5.232758620689655) : 2
(607, 4, 140, 0, 0, 116, 5.232758620689655) : 2
(608, 2, 139, 0, 0, 116, 5.241379310344827) : 1
(608, 2, 141, 0, 0, 116, 5.241379310344827) : 1
(608, 2, 151, 0, 0, 116, 5.241379310344827) : 1
(608, 3, 151, 0, 0, 116, 5.241379310344827) : 10
(608, 3, 145, 0, 0, 116, 5.241379310344827) : 11
(608, 3, 149, 0, 0, 116, 5.241379310344827) : 1
(608, 3, 147, 0, 0, 116, 5.241379310344827) : 9
(608, 3, 150, 0, 0, 116, 5.241379310344827) : 18
(608, 3, 152, 0, 0, 116, 5.241379310344827) : 10
(608, 3, 143, 0, 0, 116, 5.241379310344827) : 1
(608, 3, 146, 0, 0, 116, 5.241379310344827) : 2
(608, 3, 153, 0, 0, 116, 5.241379310344827) : 1
(608, 3, 140, 0, 0, 116, 5.241379310344827) : 1
(608, 4, 149, 0, 0, 116, 5.241379310344827) : 60
(608, 4, 151, 0, 0, 116, 5.241379310344827) : 138
(608, 4, 150, 0, 0, 116, 5.241379310344827) : 354
(608, 4, 144, 0, 0, 116, 5.241379310344827) : 3
(608, 4, 152, 0, 0, 116, 5.241379310344827) : 572
(608, 4, 148, 0, 0, 116, 5.241379310344827) : 23
(608, 4, 153, 0, 0, 116, 5.241379310344827) : 3
(608, 4, 145, 0, 0, 116, 5.241379310344827) : 7
(608, 4, 147, 0, 0, 116, 5.241379310344827) : 1
(608, 4, 154, 0, 0, 116, 5.241379310344827) : 1
(608, 4, 146, 0, 0, 116, 5.241379310344827) : 2
(609, 2, 141, 0, 0, 116, 5.25) : 1
(609, 3, 141, 0, 0, 116, 5.25) : 2
(609, 3, 147, 0, 0, 116, 5.25) : 3
(609, 3, 143, 0, 0, 116, 5.25) : 2
(609, 3, 142, 0, 0, 116, 5.25) : 1
(609, 3, 144, 0, 0, 116, 5.25) : 1
(609, 4, 151, 0, 0, 116, 5.25) : 5
(609, 4, 152, 0, 0, 116, 5.25) : 56
(609, 4, 148, 0, 0, 116, 5.25) : 3
(609, 4, 149, 0, 0, 116, 5.25) : 4
(609, 4, 150, 0, 0, 116, 5.25) : 6
(609, 4, 144, 0, 0, 116, 5.25) : 3
(609, 4, 146, 0, 0, 116, 5.25) : 1
(610, 3, 149, 0, 0, 116, 5.258620689655173) : 1
(610, 3, 146, 0, 0, 116, 5.258620689655173) : 1
(610, 4, 147, 0, 0, 116, 5.258620689655173) : 2
=== 1: 16585 | @ 0m48s.205
(596, 3, 127, 0, 0, 116, 5.137931034482759) : 4
(598, 3, 124, 0, 0, 116, 5.155172413793103) : 6
(598, 3, 131, 0, 0, 116, 5.155172413793103) : 3
(598, 4, 124, 0, 0, 116, 5.155172413793103) : 2
(599, 2, 133, 0, 0, 116, 5.163793103448276) : 1
(599, 2, 130, 0, 0, 116, 5.163793103448276) : 2
(599, 2, 132, 0, 0, 116, 5.163793103448276) : 2
(599, 3, 132, 0, 0, 116, 5.163793103448276) : 13
(599, 3, 136, 0, 0, 116, 5.163793103448276) : 2
(599, 3, 135, 0, 0, 116, 5.163793103448276) : 2
(599, 3, 133, 0, 0, 116, 5.163793103448276) : 6
(599, 3, 131, 0, 0, 116, 5.163793103448276) : 8
(599, 3, 129, 0, 0, 116, 5.163793103448276) : 16
(599, 3, 128, 0, 0, 116, 5.163793103448276) : 4
(599, 3, 126, 0, 0, 116, 5.163793103448276) : 5
(599, 3, 130, 0, 0, 116, 5.163793103448276) : 3
(599, 4, 132, 0, 0, 116, 5.163793103448276) : 7
(599, 4, 128, 0, 0, 116, 5.163793103448276) : 4
(599, 4, 129, 0, 0, 116, 5.163793103448276) : 8
(599, 4, 134, 0, 0, 116, 5.163793103448276) : 1
(599, 4, 126, 0, 0, 116, 5.163793103448276) : 8
(599, 4, 130, 0, 0, 116, 5.163793103448276) : 11
(599, 4, 133, 0, 0, 116, 5.163793103448276) : 4
(600, 2, 135, 0, 0, 116, 5.172413793103448) : 1
(600, 2, 133, 0, 0, 116, 5.172413793103448) : 2
(600, 2, 134, 0, 0, 116, 5.172413793103448) : 2
(600, 2, 131, 0, 0, 116, 5.172413793103448) : 2
(600, 3, 132, 0, 0, 116, 5.172413793103448) : 28
(600, 3, 134, 0, 0, 116, 5.172413793103448) : 80
(600, 3, 130, 0, 0, 116, 5.172413793103448) : 31
(600, 3, 131, 0, 0, 116, 5.172413793103448) : 46
(600, 3, 133, 0, 0, 116, 5.172413793103448) : 94
(600, 3, 137, 0, 0, 116, 5.172413793103448) : 2
(600, 3, 136, 0, 0, 116, 5.172413793103448) : 11
(600, 3, 135, 0, 0, 116, 5.172413793103448) : 47
(600, 3, 127, 0, 0, 116, 5.172413793103448) : 1
(600, 3, 139, 0, 0, 116, 5.172413793103448) : 1
(600, 3, 138, 0, 0, 116, 5.172413793103448) : 2
(600, 4, 135, 0, 0, 116, 5.172413793103448) : 35
(600, 4, 132, 0, 0, 116, 5.172413793103448) : 33
(600, 4, 134, 0, 0, 116, 5.172413793103448) : 39
(600, 4, 130, 0, 0, 116, 5.172413793103448) : 16
(600, 4, 133, 0, 0, 116, 5.172413793103448) : 25
(600, 4, 129, 0, 0, 116, 5.172413793103448) : 3
(600, 4, 131, 0, 0, 116, 5.172413793103448) : 31
(600, 4, 128, 0, 0, 116, 5.172413793103448) : 14
(600, 4, 136, 0, 0, 116, 5.172413793103448) : 13
(600, 4, 137, 0, 0, 116, 5.172413793103448) : 4
(601, 2, 135, 0, 0, 116, 5.181034482758621) : 5
(601, 2, 136, 0, 0, 116, 5.181034482758621) : 9
(601, 2, 137, 0, 0, 116, 5.181034482758621) : 1
(601, 2, 133, 0, 0, 116, 5.181034482758621) : 4
(601, 2, 134, 0, 0, 116, 5.181034482758621) : 1
(601, 3, 140, 0, 0, 116, 5.181034482758621) : 6
(601, 3, 138, 0, 0, 116, 5.181034482758621) : 24
(601, 3, 134, 0, 0, 116, 5.181034482758621) : 57
(601, 3, 137, 0, 0, 116, 5.181034482758621) : 25
(601, 3, 136, 0, 0, 116, 5.181034482758621) : 70
(601, 3, 135, 0, 0, 116, 5.181034482758621) : 66
(601, 3, 133, 0, 0, 116, 5.181034482758621) : 37
(601, 3, 132, 0, 0, 116, 5.181034482758621) : 47
(601, 3, 139, 0, 0, 116, 5.181034482758621) : 10
(601, 3, 143, 0, 0, 116, 5.181034482758621) : 1
(601, 3, 130, 0, 0, 116, 5.181034482758621) : 6
(601, 3, 131, 0, 0, 116, 5.181034482758621) : 13
(601, 3, 129, 0, 0, 116, 5.181034482758621) : 6
(601, 3, 128, 0, 0, 116, 5.181034482758621) : 2
(601, 3, 127, 0, 0, 116, 5.181034482758621) : 2
(601, 4, 136, 0, 0, 116, 5.181034482758621) : 32
(601, 4, 138, 0, 0, 116, 5.181034482758621) : 15
(601, 4, 135, 0, 0, 116, 5.181034482758621) : 42
(601, 4, 134, 0, 0, 116, 5.181034482758621) : 47
(601, 4, 133, 0, 0, 116, 5.181034482758621) : 32
(601, 4, 139, 0, 0, 116, 5.181034482758621) : 2
(601, 4, 137, 0, 0, 116, 5.181034482758621) : 24
(601, 4, 132, 0, 0, 116, 5.181034482758621) : 34
(601, 4, 131, 0, 0, 116, 5.181034482758621) : 11
(601, 4, 130, 0, 0, 116, 5.181034482758621) : 13
(602, 2, 139, 0, 0, 116, 5.189655172413793) : 15
(602, 2, 138, 0, 0, 116, 5.189655172413793) : 12
(602, 2, 136, 0, 0, 116, 5.189655172413793) : 4
(602, 2, 133, 0, 0, 116, 5.189655172413793) : 5
(602, 2, 135, 0, 0, 116, 5.189655172413793) : 10
(602, 2, 141, 0, -2, 116, 5.189655172413793) : 2
(602, 2, 134, 0, 0, 116, 5.189655172413793) : 4
(602, 2, 132, 0, 0, 116, 5.189655172413793) : 3
(602, 2, 137, 0, 0, 116, 5.189655172413793) : 6
(602, 2, 142, 0, 0, 116, 5.189655172413793) : 1
(602, 2, 141, 0, 0, 116, 5.189655172413793) : 1
(602, 2, 139, 0, -1, 116, 5.189655172413793) : 2
(602, 3, 138, 0, 0, 116, 5.189655172413793) : 151
(602, 3, 136, 0, 0, 116, 5.189655172413793) : 125
(602, 3, 134, 0, 0, 116, 5.189655172413793) : 87
(602, 3, 137, 0, 0, 116, 5.189655172413793) : 202
(602, 3, 139, 0, 0, 116, 5.189655172413793) : 117
(602, 3, 140, 0, 0, 116, 5.189655172413793) : 52
(602, 3, 135, 0, 0, 116, 5.189655172413793) : 67
(602, 3, 132, 0, 0, 116, 5.189655172413793) : 10
(602, 3, 133, 0, 0, 116, 5.189655172413793) : 21
(602, 3, 131, 0, 0, 116, 5.189655172413793) : 17
(602, 3, 130, 0, 0, 116, 5.189655172413793) : 4
(602, 3, 142, 0, 0, 116, 5.189655172413793) : 4
(602, 3, 141, 0, 0, 116, 5.189655172413793) : 3
(602, 3, 143, 0, 0, 116, 5.189655172413793) : 5
(602, 4, 135, 0, 0, 116, 5.189655172413793) : 35
(602, 4, 136, 0, 0, 116, 5.189655172413793) : 122
(602, 4, 138, 0, 0, 116, 5.189655172413793) : 154
(602, 4, 139, 0, 0, 116, 5.189655172413793) : 73
(602, 4, 134, 0, 0, 116, 5.189655172413793) : 128
(602, 4, 137, 0, 0, 116, 5.189655172413793) : 123
(602, 4, 141, 0, 0, 116, 5.189655172413793) : 6
(602, 4, 142, 0, 0, 116, 5.189655172413793) : 2
(602, 4, 140, 0, 0, 116, 5.189655172413793) : 37
(602, 4, 129, 0, 0, 116, 5.189655172413793) : 10
(602, 4, 132, 0, 0, 116, 5.189655172413793) : 4
(602, 4, 131, 0, 0, 116, 5.189655172413793) : 3
(603, 2, 138, 0, 0, 116, 5.198275862068965) : 19
(603, 2, 142, 0, 0, 116, 5.198275862068965) : 2
(603, 2, 141, 0, 0, 116, 5.198275862068965) : 6
(603, 2, 140, 0, 0, 116, 5.198275862068965) : 2
(603, 2, 134, 0, 0, 116, 5.198275862068965) : 1
(603, 2, 135, 0, 0, 116, 5.198275862068965) : 6
(603, 2, 136, 0, 0, 116, 5.198275862068965) : 3
(603, 2, 137, 0, 0, 116, 5.198275862068965) : 4
(603, 3, 140, 0, 0, 116, 5.198275862068965) : 282
(603, 3, 139, 0, 0, 116, 5.198275862068965) : 136
(603, 3, 137, 0, 0, 116, 5.198275862068965) : 119
(603, 3, 136, 0, 0, 116, 5.198275862068965) : 111
(603, 3, 138, 0, 0, 116, 5.198275862068965) : 138
(603, 3, 141, 0, 0, 116, 5.198275862068965) : 235
(603, 3, 142, 0, 0, 116, 5.198275862068965) : 70
(603, 3, 135, 0, 0, 116, 5.198275862068965) : 63
(603, 3, 134, 0, 0, 116, 5.198275862068965) : 22
(603, 3, 144, 0, 0, 116, 5.198275862068965) : 8
(603, 3, 131, 0, 0, 116, 5.198275862068965) : 4
(603, 3, 133, 0, 0, 116, 5.198275862068965) : 22
(603, 3, 132, 0, 0, 116, 5.198275862068965) : 8
(603, 3, 143, 0, 0, 116, 5.198275862068965) : 1
(603, 4, 139, 0, 0, 116, 5.198275862068965) : 109
(603, 4, 141, 0, 0, 116, 5.198275862068965) : 167
(603, 4, 137, 0, 0, 116, 5.198275862068965) : 95
(603, 4, 140, 0, 0, 116, 5.198275862068965) : 173
(603, 4, 138, 0, 0, 116, 5.198275862068965) : 260
(603, 4, 142, 0, 0, 116, 5.198275862068965) : 96
(603, 4, 136, 0, 0, 116, 5.198275862068965) : 46
(603, 4, 135, 0, 0, 116, 5.198275862068965) : 2
(603, 4, 144, 0, 0, 116, 5.198275862068965) : 4
(603, 4, 146, 0, 0, 116, 5.198275862068965) : 1
(603, 4, 131, 0, 0, 116, 5.198275862068965) : 12
(603, 4, 134, 0, 0, 116, 5.198275862068965) : 2
(603, 4, 133, 0, 0, 116, 5.198275862068965) : 2
(603, 4, 132, 0, 0, 116, 5.198275862068965) : 2
(604, 2, 136, 0, 0, 116, 5.206896551724138) : 4
(604, 2, 139, 0, -1, 116, 5.206896551724138) : 3
(604, 2, 139, 0, 0, 116, 5.206896551724138) : 1
(604, 2, 135, 0, 0, 116, 5.206896551724138) : 3
(604, 2, 140, 0, 0, 116, 5.206896551724138) : 5
(604, 2, 145, 0, 0, 116, 5.206896551724138) : 3
(604, 2, 135, 0, -1, 116, 5.206896551724138) : 1
(604, 2, 146, 0, 0, 116, 5.206896551724138) : 3
(604, 2, 144, 0, 0, 116, 5.206896551724138) : 2
(604, 2, 137, 0, 0, 116, 5.206896551724138) : 2
(604, 2, 138, 0, 0, 116, 5.206896551724138) : 1
(604, 3, 139, 0, 0, 116, 5.206896551724138) : 34
(604, 3, 141, 0, 0, 116, 5.206896551724138) : 156
(604, 3, 140, 0, 0, 116, 5.206896551724138) : 109
(604, 3, 143, 0, 0, 116, 5.206896551724138) : 304
(604, 3, 142, 0, 0, 116, 5.206896551724138) : 249
(604, 3, 144, 0, 0, 116, 5.206896551724138) : 86
(604, 3, 145, 0, 0, 116, 5.206896551724138) : 17
(604, 3, 146, 0, 0, 116, 5.206896551724138) : 10
(604, 3, 138, 0, 0, 116, 5.206896551724138) : 104
(604, 3, 137, 0, 0, 116, 5.206896551724138) : 64
(604, 3, 147, 0, 0, 116, 5.206896551724138) : 2
(604, 3, 136, 0, 0, 116, 5.206896551724138) : 17
(604, 3, 132, 0, 0, 116, 5.206896551724138) : 1
(604, 3, 133, 0, 0, 116, 5.206896551724138) : 8
(604, 3, 134, 0, 0, 116, 5.206896551724138) : 9
(604, 3, 135, 0, 0, 116, 5.206896551724138) : 11
(604, 3, 148, 0, 0, 116, 5.206896551724138) : 2
(604, 4, 140, 0, 0, 116, 5.206896551724138) : 465
(604, 4, 137, 0, 0, 116, 5.206896551724138) : 12
(604, 4, 145, 0, 0, 116, 5.206896551724138) : 13
(604, 4, 142, 0, 0, 116, 5.206896551724138) : 317
(604, 4, 141, 0, 0, 116, 5.206896551724138) : 92
(604, 4, 144, 0, 0, 116, 5.206896551724138) : 304
(604, 4, 143, 0, 0, 116, 5.206896551724138) : 283
(604, 4, 146, 0, 0, 116, 5.206896551724138) : 18
(604, 4, 139, 0, 0, 116, 5.206896551724138) : 31
(604, 4, 138, 0, 0, 116, 5.206896551724138) : 53
(604, 4, 135, 0, 0, 116, 5.206896551724138) : 4
(604, 4, 133, 0, 0, 116, 5.206896551724138) : 1
(604, 4, 134, 0, 0, 116, 5.206896551724138) : 3
(599, 4, 133, -1, 0, 115, 5.208695652173913) : 2
(605, 2, 145, 0, 0, 116, 5.2155172413793105) : 12
(605, 2, 141, 0, 0, 116, 5.2155172413793105) : 13
(605, 2, 136, 0, 0, 116, 5.2155172413793105) : 2
(605, 2, 140, 0, 0, 116, 5.2155172413793105) : 6
(605, 2, 139, 0, 0, 116, 5.2155172413793105) : 3
(605, 2, 143, 0, -2, 116, 5.2155172413793105) : 2
(605, 2, 142, 0, 0, 116, 5.2155172413793105) : 7
(605, 2, 138, 0, 0, 116, 5.2155172413793105) : 1
(605, 3, 145, 0, 0, 116, 5.2155172413793105) : 134
(605, 3, 139, 0, 0, 116, 5.2155172413793105) : 100
(605, 3, 141, 0, 0, 116, 5.2155172413793105) : 111
(605, 3, 140, 0, 0, 116, 5.2155172413793105) : 112
(605, 3, 143, 0, 0, 116, 5.2155172413793105) : 115
(605, 3, 146, 0, 0, 116, 5.2155172413793105) : 135
(605, 3, 142, 0, 0, 116, 5.2155172413793105) : 97
(605, 3, 144, 0, 0, 116, 5.2155172413793105) : 141
(605, 3, 147, 0, 0, 116, 5.2155172413793105) : 8
(605, 3, 148, 0, 0, 116, 5.2155172413793105) : 7
(605, 3, 137, 0, 0, 116, 5.2155172413793105) : 16
(605, 3, 136, 0, 0, 116, 5.2155172413793105) : 20
(605, 3, 135, 0, 0, 116, 5.2155172413793105) : 13
(605, 3, 134, 0, 0, 116, 5.2155172413793105) : 2
(605, 3, 138, 0, 0, 116, 5.2155172413793105) : 14
(605, 4, 145, 0, 0, 116, 5.2155172413793105) : 185
(605, 4, 143, 0, 0, 116, 5.2155172413793105) : 220
(605, 4, 148, 0, 0, 116, 5.2155172413793105) : 59
(605, 4, 144, 0, 0, 116, 5.2155172413793105) : 326
(605, 4, 146, 0, 0, 116, 5.2155172413793105) : 125
(605, 4, 142, 0, 0, 116, 5.2155172413793105) : 60
(605, 4, 147, 0, 0, 116, 5.2155172413793105) : 18
(605, 4, 141, 0, 0, 116, 5.2155172413793105) : 34
(605, 4, 151, 0, 0, 116, 5.2155172413793105) : 1
(605, 4, 150, 0, 0, 116, 5.2155172413793105) : 1
(605, 4, 140, 0, 0, 116, 5.2155172413793105) : 30
(605, 4, 139, 0, 0, 116, 5.2155172413793105) : 22
(605, 4, 137, 0, 0, 116, 5.2155172413793105) : 18
(605, 4, 149, 0, 0, 116, 5.2155172413793105) : 1
(605, 4, 138, 0, 0, 116, 5.2155172413793105) : 1
(606, 2, 143, 0, 0, 116, 5.224137931034483) : 5
(606, 2, 142, 0, 0, 116, 5.224137931034483) : 2
(606, 2, 138, 0, 0, 116, 5.224137931034483) : 1
(606, 2, 147, 0, 0, 116, 5.224137931034483) : 2
(606, 2, 144, 0, 0, 116, 5.224137931034483) : 1
(606, 2, 150, 0, -1, 116, 5.224137931034483) : 1
(606, 3, 147, 0, 0, 116, 5.224137931034483) : 154
(606, 3, 146, 0, 0, 116, 5.224137931034483) : 134
(606, 3, 142, 0, 0, 116, 5.224137931034483) : 144
(606, 3, 143, 0, 0, 116, 5.224137931034483) : 199
(606, 3, 141, 0, 0, 116, 5.224137931034483) : 35
(606, 3, 148, 0, 0, 116, 5.224137931034483) : 214
(606, 3, 144, 0, 0, 116, 5.224137931034483) : 159
(606, 3, 150, 0, 0, 116, 5.224137931034483) : 5
(606, 3, 149, 0, 0, 116, 5.224137931034483) : 9
(606, 3, 145, 0, 0, 116, 5.224137931034483) : 4
(606, 3, 139, 0, 0, 116, 5.224137931034483) : 8
(606, 3, 138, 0, 0, 116, 5.224137931034483) : 21
(606, 3, 140, 0, 0, 116, 5.224137931034483) : 18
(606, 3, 137, 0, 0, 116, 5.224137931034483) : 1
(606, 3, 151, 0, 0, 116, 5.224137931034483) : 1
(606, 4, 147, 0, 0, 116, 5.224137931034483) : 213
(606, 4, 146, 0, 0, 116, 5.224137931034483) : 774
(606, 4, 143, 0, 0, 116, 5.224137931034483) : 63
(606, 4, 145, 0, 0, 116, 5.224137931034483) : 78
(606, 4, 142, 0, 0, 116, 5.224137931034483) : 34
(606, 4, 141, 0, 0, 116, 5.224137931034483) : 7
(606, 4, 148, 0, 0, 116, 5.224137931034483) : 332
(606, 4, 149, 0, 0, 116, 5.224137931034483) : 65
(606, 4, 144, 0, 0, 116, 5.224137931034483) : 112
(606, 4, 134, 0, 0, 116, 5.224137931034483) : 2
(606, 4, 150, 0, 0, 116, 5.224137931034483) : 4
(606, 4, 140, 0, 0, 116, 5.224137931034483) : 6
(606, 4, 139, 0, 0, 116, 5.224137931034483) : 1
(606, 4, 138, 0, 0, 116, 5.224137931034483) : 2
(607, 2, 139, 0, 0, 116, 5.232758620689655) : 1
(607, 2, 145, 0, 0, 116, 5.232758620689655) : 2
(607, 2, 138, 0, 0, 116, 5.232758620689655) : 1
(607, 2, 143, 0, 0, 116, 5.232758620689655) : 1
(607, 3, 144, 0, 0, 116, 5.232758620689655) : 59
(607, 3, 149, 0, 0, 116, 5.232758620689655) : 134
(607, 3, 147, 0, 0, 116, 5.232758620689655) : 28
(607, 3, 150, 0, 0, 116, 5.232758620689655) : 119
(607, 3, 145, 0, 0, 116, 5.232758620689655) : 150
(607, 3, 146, 0, 0, 116, 5.232758620689655) : 76
(607, 3, 148, 0, 0, 116, 5.232758620689655) : 51
(607, 3, 143, 0, 0, 116, 5.232758620689655) : 50
(607, 3, 139, 0, 0, 116, 5.232758620689655) : 1
(607, 3, 142, 0, 0, 116, 5.232758620689655) : 11
(607, 3, 140, 0, 0, 116, 5.232758620689655) : 2
(607, 3, 152, 0, 0, 116, 5.232758620689655) : 3
(607, 3, 136, 0, 0, 116, 5.232758620689655) : 2
(607, 3, 137, 0, 0, 116, 5.232758620689655) : 1
(607, 3, 153, 0, 0, 116, 5.232758620689655) : 1
(607, 4, 149, 0, 0, 116, 5.232758620689655) : 468
(607, 4, 148, 0, 0, 116, 5.232758620689655) : 145
(607, 4, 147, 0, 0, 116, 5.232758620689655) : 59
(607, 4, 150, 0, 0, 116, 5.232758620689655) : 633
(607, 4, 145, 0, 0, 116, 5.232758620689655) : 70
(607, 4, 146, 0, 0, 116, 5.232758620689655) : 81
(607, 4, 152, 0, 0, 116, 5.232758620689655) : 9
(607, 4, 144, 0, 0, 116, 5.232758620689655) : 13
(607, 4, 151, 0, 0, 116, 5.232758620689655) : 2
(607, 4, 143, 0, 0, 116, 5.232758620689655) : 13
(607, 4, 142, 0, 0, 116, 5.232758620689655) : 4
(608, 2, 151, 0, 0, 116, 5.241379310344827) : 2
(608, 3, 152, 0, 0, 116, 5.241379310344827) : 24
(608, 3, 150, 0, 0, 116, 5.241379310344827) : 23
(608, 3, 147, 0, 0, 116, 5.241379310344827) : 8
(608, 3, 149, 0, 0, 116, 5.241379310344827) : 6
(608, 3, 145, 0, 0, 116, 5.241379310344827) : 16
(608, 3, 138, 0, 0, 116, 5.241379310344827) : 2
(608, 3, 151, 0, 0, 116, 5.241379310344827) : 12
(608, 3, 141, 0, 0, 116, 5.241379310344827) : 1
(608, 3, 143, 0, 0, 116, 5.241379310344827) : 2
(608, 3, 153, 0, 0, 116, 5.241379310344827) : 2
(608, 3, 139, 0, 0, 116, 5.241379310344827) : 1
(608, 3, 140, 0, 0, 116, 5.241379310344827) : 2
(608, 3, 144, 0, 0, 116, 5.241379310344827) : 2
(608, 4, 149, 0, 0, 116, 5.241379310344827) : 61
(608, 4, 148, 0, 0, 116, 5.241379310344827) : 28
(608, 4, 145, 0, 0, 116, 5.241379310344827) : 1
(608, 4, 150, 0, 0, 116, 5.241379310344827) : 335
(608, 4, 151, 0, 0, 116, 5.241379310344827) : 84
(608, 4, 152, 0, 0, 116, 5.241379310344827) : 691
(608, 4, 147, 0, 0, 116, 5.241379310344827) : 4
(608, 4, 153, 0, 0, 116, 5.241379310344827) : 3
(608, 4, 146, 0, 0, 116, 5.241379310344827) : 1
(608, 4, 144, 0, 0, 116, 5.241379310344827) : 1
(608, 4, 154, 0, 0, 116, 5.241379310344827) : 1
(609, 3, 141, 0, 0, 116, 5.25) : 2
(609, 3, 147, 0, 0, 116, 5.25) : 4
(609, 3, 150, 0, 0, 116, 5.25) : 2
(609, 3, 144, 0, 0, 116, 5.25) : 1
(609, 4, 152, 0, 0, 116, 5.25) : 77
(609, 4, 151, 0, 0, 116, 5.25) : 10
(609, 4, 150, 0, 0, 116, 5.25) : 9
(609, 4, 148, 0, 0, 116, 5.25) : 4
(609, 4, 149, 0, 0, 116, 5.25) : 3
(610, 3, 147, 0, 0, 116, 5.258620689655173) : 1
(610, 3, 146, 0, 0, 116, 5.258620689655173) : 1
(610, 3, 145, 0, 0, 116, 5.258620689655173) : 1
(610, 4, 152, 0, 0, 116, 5.258620689655173) : 2
=== 2: 16601 | @ 1m12s.282
(595, 2, 122, 0, 0, 116, 5.129310344827586) : 1
(595, 3, 124, 0, 0, 116, 5.129310344827586) : 2
(596, 3, 121, 0, 0, 116, 5.137931034482759) : 2
(596, 3, 120, 0, 0, 116, 5.137931034482759) : 2
(596, 3, 123, 0, 0, 116, 5.137931034482759) : 2
(596, 3, 122, 0, 0, 116, 5.137931034482759) : 2
(596, 3, 125, 0, 0, 116, 5.137931034482759) : 3
(596, 3, 126, 0, 0, 116, 5.137931034482759) : 1
(597, 2, 121, 0, 0, 116, 5.146551724137931) : 2
(597, 2, 127, 0, 0, 116, 5.146551724137931) : 3
(597, 2, 126, 0, 0, 116, 5.146551724137931) : 1
(597, 2, 125, 0, 0, 116, 5.146551724137931) : 1
(597, 3, 126, 0, 0, 116, 5.146551724137931) : 14
(597, 3, 132, 0, 0, 116, 5.146551724137931) : 2
(597, 3, 127, 0, 0, 116, 5.146551724137931) : 7
(597, 3, 128, 0, 0, 116, 5.146551724137931) : 11
(597, 3, 129, 0, 0, 116, 5.146551724137931) : 9
(597, 3, 123, 0, 0, 116, 5.146551724137931) : 2
(597, 3, 125, 0, 0, 116, 5.146551724137931) : 6
(597, 3, 124, 0, 0, 116, 5.146551724137931) : 2
(597, 3, 130, 0, 0, 116, 5.146551724137931) : 2
(598, 2, 127, 0, 0, 116, 5.155172413793103) : 8
(598, 2, 128, 0, 0, 116, 5.155172413793103) : 4
(598, 2, 131, 0, 0, 116, 5.155172413793103) : 6
(598, 2, 130, 0, 0, 116, 5.155172413793103) : 10
(598, 2, 129, 0, 0, 116, 5.155172413793103) : 6
(598, 2, 132, 0, 0, 116, 5.155172413793103) : 2
(598, 3, 130, 0, 0, 116, 5.155172413793103) : 30
(598, 3, 126, 0, 0, 116, 5.155172413793103) : 25
(598, 3, 127, 0, 0, 116, 5.155172413793103) : 34
(598, 3, 125, 0, 0, 116, 5.155172413793103) : 8
(598, 3, 124, 0, 0, 116, 5.155172413793103) : 11
(598, 3, 128, 0, 0, 116, 5.155172413793103) : 33
(598, 3, 129, 0, 0, 116, 5.155172413793103) : 40
(598, 3, 132, 0, 0, 116, 5.155172413793103) : 4
(598, 3, 133, 0, 0, 116, 5.155172413793103) : 2
(598, 3, 131, 0, 0, 116, 5.155172413793103) : 19
(599, 2, 130, 0, 0, 116, 5.163793103448276) : 7
(599, 2, 133, 0, 0, 116, 5.163793103448276) : 2
(599, 2, 132, 0, 0, 116, 5.163793103448276) : 8
(599, 2, 128, 0, 0, 116, 5.163793103448276) : 5
(599, 2, 129, 0, 0, 116, 5.163793103448276) : 2
(599, 2, 131, 0, 0, 116, 5.163793103448276) : 8
(599, 2, 127, 0, 0, 116, 5.163793103448276) : 2
(599, 3, 132, 0, 0, 116, 5.163793103448276) : 72
(599, 3, 129, 0, 0, 116, 5.163793103448276) : 44
(599, 3, 130, 0, 0, 116, 5.163793103448276) : 79
(599, 3, 128, 0, 0, 116, 5.163793103448276) : 58
(599, 3, 125, 0, 0, 116, 5.163793103448276) : 16
(599, 3, 131, 0, 0, 116, 5.163793103448276) : 64
(599, 3, 134, 0, 0, 116, 5.163793103448276) : 24
(599, 3, 127, 0, 0, 116, 5.163793103448276) : 20
(599, 3, 135, 0, 0, 116, 5.163793103448276) : 4
(599, 3, 133, 0, 0, 116, 5.163793103448276) : 26
(599, 3, 136, 0, 0, 116, 5.163793103448276) : 2
(599, 3, 126, 0, 0, 116, 5.163793103448276) : 6
(599, 3, 137, 0, 0, 116, 5.163793103448276) : 1
(600, 2, 134, 0, 0, 116, 5.172413793103448) : 13
(600, 2, 133, 0, 0, 116, 5.172413793103448) : 24
(600, 2, 135, 0, 0, 116, 5.172413793103448) : 15
(600, 2, 132, 0, 0, 116, 5.172413793103448) : 12
(600, 2, 130, 0, 0, 116, 5.172413793103448) : 10
(600, 2, 129, 0, 0, 116, 5.172413793103448) : 7
(600, 2, 131, 0, 0, 116, 5.172413793103448) : 6
(600, 2, 136, 0, 0, 116, 5.172413793103448) : 1
(600, 2, 128, 0, 0, 116, 5.172413793103448) : 1
(600, 3, 134, 0, 0, 116, 5.172413793103448) : 147
(600, 3, 132, 0, 0, 116, 5.172413793103448) : 164
(600, 3, 135, 0, 0, 116, 5.172413793103448) : 126
(600, 3, 129, 0, 0, 116, 5.172413793103448) : 59
(600, 3, 130, 0, 0, 116, 5.172413793103448) : 97
(600, 3, 136, 0, 0, 116, 5.172413793103448) : 61
(600, 3, 133, 0, 0, 116, 5.172413793103448) : 151
(600, 3, 131, 0, 0, 116, 5.172413793103448) : 76
(600, 3, 128, 0, 0, 116, 5.172413793103448) : 25
(600, 3, 138, 0, 0, 116, 5.172413793103448) : 2
(600, 3, 127, 0, 0, 116, 5.172413793103448) : 6
(600, 3, 126, 0, 0, 116, 5.172413793103448) : 2
(600, 3, 139, 0, 0, 116, 5.172413793103448) : 1
(595, 3, 133, -1, 0, 115, 5.173913043478261) : 2
(595, 3, 132, -1, 0, 115, 5.173913043478261) : 2
(601, 2, 136, 0, 0, 116, 5.181034482758621) : 32
(601, 2, 129, 0, 0, 116, 5.181034482758621) : 6
(601, 2, 131, 0, 0, 116, 5.181034482758621) : 11
(601, 2, 135, 0, 0, 116, 5.181034482758621) : 11
(601, 2, 137, 0, 0, 116, 5.181034482758621) : 23
(601, 2, 133, 0, 0, 116, 5.181034482758621) : 27
(601, 2, 134, 0, 0, 116, 5.181034482758621) : 6
(601, 2, 139, 0, 0, 116, 5.181034482758621) : 2
(601, 2, 132, 0, 0, 116, 5.181034482758621) : 16
(601, 2, 130, 0, 0, 116, 5.181034482758621) : 6
(601, 2, 136, 0, -1, 116, 5.181034482758621) : 1
(601, 2, 140, 0, 0, 116, 5.181034482758621) : 1
(601, 3, 135, 0, 0, 116, 5.181034482758621) : 154
(601, 3, 136, 0, 0, 116, 5.181034482758621) : 362
(601, 3, 137, 0, 0, 116, 5.181034482758621) : 164
(601, 3, 133, 0, 0, 116, 5.181034482758621) : 196
(601, 3, 138, 0, 0, 116, 5.181034482758621) : 115
(601, 3, 131, 0, 0, 116, 5.181034482758621) : 98
(601, 3, 140, 0, 0, 116, 5.181034482758621) : 13
(601, 3, 134, 0, 0, 116, 5.181034482758621) : 218
(601, 3, 129, 0, 0, 116, 5.181034482758621) : 23
(601, 3, 130, 0, 0, 116, 5.181034482758621) : 34
(601, 3, 127, 0, 0, 116, 5.181034482758621) : 10
(601, 3, 132, 0, 0, 116, 5.181034482758621) : 79
(601, 3, 139, 0, 0, 116, 5.181034482758621) : 2
(601, 3, 143, 0, 0, 116, 5.181034482758621) : 1
(601, 3, 126, 0, 0, 116, 5.181034482758621) : 4
(601, 3, 128, 0, 0, 116, 5.181034482758621) : 6
(601, 3, 141, 0, 0, 116, 5.181034482758621) : 1
(596, 3, 132, -1, 0, 115, 5.182608695652174) : 1
(596, 3, 134, -1, 0, 115, 5.182608695652174) : 2
(596, 3, 135, -1, 0, 115, 5.182608695652174) : 4
(596, 4, 131, -1, 0, 115, 5.182608695652174) : 1
(602, 2, 139, 0, 0, 116, 5.189655172413793) : 63
(602, 2, 133, 0, 0, 116, 5.189655172413793) : 13
(602, 2, 137, 0, 0, 116, 5.189655172413793) : 19
(602, 2, 141, 0, 0, 116, 5.189655172413793) : 10
(602, 2, 143, 0, -3, 116, 5.189655172413793) : 2
(602, 2, 142, 0, -2, 116, 5.189655172413793) : 2
(602, 2, 134, 0, 0, 116, 5.189655172413793) : 14
(602, 2, 142, 0, 0, 116, 5.189655172413793) : 4
(602, 2, 136, 0, 0, 116, 5.189655172413793) : 10
(602, 2, 138, 0, 0, 116, 5.189655172413793) : 15
(602, 2, 135, 0, 0, 116, 5.189655172413793) : 6
(602, 2, 131, 0, 0, 116, 5.189655172413793) : 5
(602, 2, 132, 0, 0, 116, 5.189655172413793) : 5
(602, 2, 130, 0, 0, 116, 5.189655172413793) : 2
(602, 2, 140, 0, 0, 116, 5.189655172413793) : 2
(602, 3, 135, 0, 0, 116, 5.189655172413793) : 196
(602, 3, 136, 0, 0, 116, 5.189655172413793) : 394
(602, 3, 138, 0, 0, 116, 5.189655172413793) : 515
(602, 3, 134, 0, 0, 116, 5.189655172413793) : 154
(602, 3, 137, 0, 0, 116, 5.189655172413793) : 295
(602, 3, 139, 0, 0, 116, 5.189655172413793) : 372
(602, 3, 140, 0, 0, 116, 5.189655172413793) : 194
(602, 3, 129, 0, 0, 116, 5.189655172413793) : 8
(602, 3, 128, 0, 0, 116, 5.189655172413793) : 6
(602, 3, 133, 0, 0, 116, 5.189655172413793) : 49
(602, 3, 131, 0, 0, 116, 5.189655172413793) : 28
(602, 3, 132, 0, 0, 116, 5.189655172413793) : 35
(602, 3, 142, 0, 0, 116, 5.189655172413793) : 15
(602, 3, 141, 0, 0, 116, 5.189655172413793) : 10
(602, 3, 144, 0, 0, 116, 5.189655172413793) : 1
(602, 3, 130, 0, 0, 116, 5.189655172413793) : 14
(597, 3, 130, -1, 0, 115, 5.191304347826087) : 1
(603, 2, 138, 0, 0, 116, 5.198275862068965) : 21
(603, 2, 134, 0, 0, 116, 5.198275862068965) : 8
(603, 2, 142, 0, 0, 116, 5.198275862068965) : 11
(603, 2, 137, 0, 0, 116, 5.198275862068965) : 20
(603, 2, 141, 0, 0, 116, 5.198275862068965) : 31
(603, 2, 135, 0, 0, 116, 5.198275862068965) : 17
(603, 2, 144, 0, 0, 116, 5.198275862068965) : 2
(603, 2, 139, 0, 0, 116, 5.198275862068965) : 20
(603, 2, 132, 0, 0, 116, 5.198275862068965) : 4
(603, 2, 136, 0, 0, 116, 5.198275862068965) : 16
(603, 2, 133, 0, 0, 116, 5.198275862068965) : 7
(603, 2, 131, 0, 0, 116, 5.198275862068965) : 3
(603, 2, 140, 0, 0, 116, 5.198275862068965) : 3
(603, 2, 142, 0, -1, 116, 5.198275862068965) : 2
(603, 2, 143, 0, 0, 116, 5.198275862068965) : 1
(603, 3, 139, 0, 0, 116, 5.198275862068965) : 242
(603, 3, 138, 0, 0, 116, 5.198275862068965) : 166
(603, 3, 143, 0, 0, 116, 5.198275862068965) : 10
(603, 3, 141, 0, 0, 116, 5.198275862068965) : 228
(603, 3, 137, 0, 0, 116, 5.198275862068965) : 297
(603, 3, 140, 0, 0, 116, 5.198275862068965) : 401
(603, 3, 136, 0, 0, 116, 5.198275862068965) : 149
(603, 3, 135, 0, 0, 116, 5.198275862068965) : 97
(603, 3, 144, 0, 0, 116, 5.198275862068965) : 81
(603, 3, 142, 0, 0, 116, 5.198275862068965) : 305
(603, 3, 133, 0, 0, 116, 5.198275862068965) : 40
(603, 3, 134, 0, 0, 116, 5.198275862068965) : 50
(603, 3, 147, 0, 0, 116, 5.198275862068965) : 1
(603, 3, 146, 0, 0, 116, 5.198275862068965) : 2
(603, 3, 145, 0, 0, 116, 5.198275862068965) : 1
(603, 3, 132, 0, 0, 116, 5.198275862068965) : 17
(603, 3, 131, 0, 0, 116, 5.198275862068965) : 3
(603, 3, 130, 0, 0, 116, 5.198275862068965) : 3
(598, 3, 135, -1, 0, 115, 5.2) : 2
(604, 2, 138, 0, 0, 116, 5.206896551724138) : 19
(604, 2, 143, 0, 0, 116, 5.206896551724138) : 32
(604, 2, 142, 0, 0, 116, 5.206896551724138) : 14
(604, 2, 139, 0, 0, 116, 5.206896551724138) : 35
(604, 2, 140, 0, 0, 116, 5.206896551724138) : 10
(604, 2, 135, 0, 0, 116, 5.206896551724138) : 4
(604, 2, 137, 0, 0, 116, 5.206896551724138) : 13
(604, 2, 141, 0, 0, 116, 5.206896551724138) : 4
(604, 2, 134, 0, 0, 116, 5.206896551724138) : 7
(604, 2, 136, 0, 0, 116, 5.206896551724138) : 10
(604, 2, 133, 0, 0, 116, 5.206896551724138) : 5
(604, 2, 144, 0, -1, 116, 5.206896551724138) : 2
(604, 2, 145, 0, 0, 116, 5.206896551724138) : 1
(604, 2, 132, 0, 0, 116, 5.206896551724138) : 3
(604, 2, 146, 0, 0, 116, 5.206896551724138) : 1
(604, 3, 143, 0, 0, 116, 5.206896551724138) : 235
(604, 3, 140, 0, 0, 116, 5.206896551724138) : 327
(604, 3, 142, 0, 0, 116, 5.206896551724138) : 646
(604, 3, 139, 0, 0, 116, 5.206896551724138) : 239
(604, 3, 141, 0, 0, 116, 5.206896551724138) : 266
(604, 3, 138, 0, 0, 116, 5.206896551724138) : 140
(604, 3, 144, 0, 0, 116, 5.206896551724138) : 675
(604, 3, 145, 0, 0, 116, 5.206896551724138) : 6
(604, 3, 135, 0, 0, 116, 5.206896551724138) : 20
(604, 3, 134, 0, 0, 116, 5.206896551724138) : 33
(604, 3, 137, 0, 0, 116, 5.206896551724138) : 69
(604, 3, 136, 0, 0, 116, 5.206896551724138) : 32
(604, 3, 146, 0, 0, 116, 5.206896551724138) : 6
(604, 3, 133, 0, 0, 116, 5.206896551724138) : 19
(604, 3, 132, 0, 0, 116, 5.206896551724138) : 2
(604, 3, 147, 0, 0, 116, 5.206896551724138) : 1
(599, 3, 140, -1, 0, 115, 5.208695652173913) : 2
(599, 3, 136, -1, 0, 115, 5.208695652173913) : 2
(605, 2, 144, 0, 0, 116, 5.2155172413793105) : 13
(605, 2, 141, 0, 0, 116, 5.2155172413793105) : 64
(605, 2, 145, 0, 0, 116, 5.2155172413793105) : 55
(605, 2, 139, 0, 0, 116, 5.2155172413793105) : 11
(605, 2, 137, 0, 0, 116, 5.2155172413793105) : 4
(605, 2, 140, 0, 0, 116, 5.2155172413793105) : 4
(605, 2, 143, 0, 0, 116, 5.2155172413793105) : 4
(605, 2, 138, 0, 0, 116, 5.2155172413793105) : 4
(605, 2, 142, 0, 0, 116, 5.2155172413793105) : 2
(605, 2, 135, 0, 0, 116, 5.2155172413793105) : 2
(605, 2, 132, 0, 0, 116, 5.2155172413793105) : 2
(605, 2, 133, 0, 0, 116, 5.2155172413793105) : 1
(605, 3, 145, 0, 0, 116, 5.2155172413793105) : 527
(605, 3, 143, 0, 0, 116, 5.2155172413793105) : 193
(605, 3, 144, 0, 0, 116, 5.2155172413793105) : 197
(605, 3, 142, 0, 0, 116, 5.2155172413793105) : 218
(605, 3, 139, 0, 0, 116, 5.2155172413793105) : 39
(605, 3, 141, 0, 0, 116, 5.2155172413793105) : 294
(605, 3, 140, 0, 0, 116, 5.2155172413793105) : 166
(605, 3, 146, 0, 0, 116, 5.2155172413793105) : 839
(605, 3, 148, 0, 0, 116, 5.2155172413793105) : 19
(605, 3, 138, 0, 0, 116, 5.2155172413793105) : 32
(605, 3, 137, 0, 0, 116, 5.2155172413793105) : 10
(605, 3, 135, 0, 0, 116, 5.2155172413793105) : 8
(605, 3, 134, 0, 0, 116, 5.2155172413793105) : 5
(605, 3, 147, 0, 0, 116, 5.2155172413793105) : 3
(605, 3, 136, 0, 0, 116, 5.2155172413793105) : 8
(605, 3, 132, 0, 0, 116, 5.2155172413793105) : 2
(605, 4, 134, 0, 0, 116, 5.2155172413793105) : 1
(606, 2, 146, 0, 0, 116, 5.224137931034483) : 1
(606, 2, 145, 0, 0, 116, 5.224137931034483) : 2
(606, 2, 141, 0, 0, 116, 5.224137931034483) : 2
(606, 2, 140, 0, 0, 116, 5.224137931034483) : 4
(606, 2, 139, 0, 0, 116, 5.224137931034483) : 2
(606, 2, 135, 0, 0, 116, 5.224137931034483) : 1
(606, 2, 148, 0, 0, 116, 5.224137931034483) : 1
(606, 3, 147, 0, 0, 116, 5.224137931034483) : 300
(606, 3, 145, 0, 0, 116, 5.224137931034483) : 36
(606, 3, 146, 0, 0, 116, 5.224137931034483) : 221
(606, 3, 143, 0, 0, 116, 5.224137931034483) : 140
(606, 3, 141, 0, 0, 116, 5.224137931034483) : 27
(606, 3, 142, 0, 0, 116, 5.224137931034483) : 17
(606, 3, 148, 0, 0, 116, 5.224137931034483) : 901
(606, 3, 137, 0, 0, 116, 5.224137931034483) : 1
(606, 3, 144, 0, 0, 116, 5.224137931034483) : 17
(606, 3, 149, 0, 0, 116, 5.224137931034483) : 2
(606, 3, 136, 0, 0, 116, 5.224137931034483) : 1
(606, 3, 138, 0, 0, 116, 5.224137931034483) : 5
(606, 3, 140, 0, 0, 116, 5.224137931034483) : 9
(606, 3, 139, 0, 0, 116, 5.224137931034483) : 8
(606, 4, 138, 0, 0, 116, 5.224137931034483) : 1
(606, 4, 139, 0, 0, 116, 5.224137931034483) : 1
(607, 2, 145, 0, 0, 116, 5.232758620689655) : 1
(607, 2, 137, 0, 0, 116, 5.232758620689655) : 1
(607, 3, 147, 0, 0, 116, 5.232758620689655) : 14
(607, 3, 148, 0, 0, 116, 5.232758620689655) : 69
(607, 3, 146, 0, 0, 116, 5.232758620689655) : 82
(607, 3, 144, 0, 0, 116, 5.232758620689655) : 11
(607, 3, 142, 0, 0, 116, 5.232758620689655) : 3
(607, 3, 140, 0, 0, 116, 5.232758620689655) : 4
(607, 3, 136, 0, 0, 116, 5.232758620689655) : 2
(607, 3, 143, 0, 0, 116, 5.232758620689655) : 6
(607, 3, 145, 0, 0, 116, 5.232758620689655) : 4
(607, 3, 141, 0, 0, 116, 5.232758620689655) : 4
(607, 3, 138, 0, 0, 116, 5.232758620689655) : 1
(608, 3, 148, 0, 0, 116, 5.241379310344827) : 1
(608, 3, 143, 0, 0, 116, 5.241379310344827) : 1
(608, 3, 139, 0, 0, 116, 5.241379310344827) : 2
=== 3: 15642 | @ 1m35s.13
(596, 3, 121, 0, 0, 116, 5.137931034482759) : 2
(596, 3, 120, 0, 0, 116, 5.137931034482759) : 2
(596, 3, 122, 0, 0, 116, 5.137931034482759) : 4
(596, 3, 119, 0, 0, 116, 5.137931034482759) : 2
(597, 2, 121, 0, 0, 116, 5.146551724137931) : 2
(597, 2, 126, 0, 0, 116, 5.146551724137931) : 2
(597, 3, 126, 0, 0, 116, 5.146551724137931) : 2
(597, 3, 122, 0, 0, 116, 5.146551724137931) : 2
(597, 3, 124, 0, 0, 116, 5.146551724137931) : 1
(597, 3, 127, 0, 0, 116, 5.146551724137931) : 1
(598, 2, 127, 0, 0, 116, 5.155172413793103) : 3
(598, 2, 124, 0, 0, 116, 5.155172413793103) : 1
(598, 3, 126, 0, 0, 116, 5.155172413793103) : 6
(598, 3, 127, 0, 0, 116, 5.155172413793103) : 16
(598, 3, 125, 0, 0, 116, 5.155172413793103) : 6
(598, 3, 124, 0, 0, 116, 5.155172413793103) : 4
(598, 3, 128, 0, 0, 116, 5.155172413793103) : 12
(598, 3, 129, 0, 0, 116, 5.155172413793103) : 17
(598, 3, 130, 0, 0, 116, 5.155172413793103) : 4
(598, 3, 123, 0, 0, 116, 5.155172413793103) : 2
(598, 4, 130, 0, 0, 116, 5.155172413793103) : 1
(598, 4, 124, 0, 0, 116, 5.155172413793103) : 2
(599, 2, 131, 0, 0, 116, 5.163793103448276) : 2
(599, 2, 127, 0, 0, 116, 5.163793103448276) : 1
(599, 2, 126, 0, 0, 116, 5.163793103448276) : 1
(599, 2, 130, 0, 0, 116, 5.163793103448276) : 1
(599, 3, 132, 0, 0, 116, 5.163793103448276) : 23
(599, 3, 129, 0, 0, 116, 5.163793103448276) : 33
(599, 3, 130, 0, 0, 116, 5.163793103448276) : 27
(599, 3, 128, 0, 0, 116, 5.163793103448276) : 40
(599, 3, 125, 0, 0, 116, 5.163793103448276) : 8
(599, 3, 126, 0, 0, 116, 5.163793103448276) : 7
(599, 3, 131, 0, 0, 116, 5.163793103448276) : 31
(599, 3, 133, 0, 0, 116, 5.163793103448276) : 6
(599, 3, 127, 0, 0, 116, 5.163793103448276) : 7
(599, 3, 134, 0, 0, 116, 5.163793103448276) : 2
(599, 4, 126, 0, 0, 116, 5.163793103448276) : 4
(599, 4, 132, 0, 0, 116, 5.163793103448276) : 2
(599, 4, 133, 0, 0, 116, 5.163793103448276) : 7
(599, 4, 131, 0, 0, 116, 5.163793103448276) : 1
(599, 4, 128, 0, 0, 116, 5.163793103448276) : 3
(599, 4, 129, 0, 0, 116, 5.163793103448276) : 3
(599, 4, 127, 0, 0, 116, 5.163793103448276) : 1
(600, 2, 134, 0, 0, 116, 5.172413793103448) : 4
(600, 2, 135, 0, 0, 116, 5.172413793103448) : 1
(600, 2, 133, 0, 0, 116, 5.172413793103448) : 3
(600, 2, 129, 0, 0, 116, 5.172413793103448) : 1
(600, 2, 131, 0, 0, 116, 5.172413793103448) : 2
(600, 2, 132, 0, 0, 116, 5.172413793103448) : 2
(600, 2, 130, 0, 0, 116, 5.172413793103448) : 2
(600, 3, 129, 0, 0, 116, 5.172413793103448) : 22
(600, 3, 130, 0, 0, 116, 5.172413793103448) : 56
(600, 3, 132, 0, 0, 116, 5.172413793103448) : 49
(600, 3, 134, 0, 0, 116, 5.172413793103448) : 40
(600, 3, 133, 0, 0, 116, 5.172413793103448) : 50
(600, 3, 135, 0, 0, 116, 5.172413793103448) : 10
(600, 3, 131, 0, 0, 116, 5.172413793103448) : 18
(600, 3, 128, 0, 0, 116, 5.172413793103448) : 17
(600, 3, 136, 0, 0, 116, 5.172413793103448) : 1
(600, 3, 127, 0, 0, 116, 5.172413793103448) : 4
(600, 3, 126, 0, 0, 116, 5.172413793103448) : 2
(600, 4, 133, 0, 0, 116, 5.172413793103448) : 20
(600, 4, 132, 0, 0, 116, 5.172413793103448) : 30
(600, 4, 134, 0, 0, 116, 5.172413793103448) : 19
(600, 4, 130, 0, 0, 116, 5.172413793103448) : 10
(600, 4, 128, 0, 0, 116, 5.172413793103448) : 13
(600, 4, 135, 0, 0, 116, 5.172413793103448) : 23
(600, 4, 131, 0, 0, 116, 5.172413793103448) : 21
(600, 4, 136, 0, 0, 116, 5.172413793103448) : 4
(600, 4, 129, 0, 0, 116, 5.172413793103448) : 4
(600, 4, 126, 0, 0, 116, 5.172413793103448) : 3
(601, 2, 129, 0, 0, 116, 5.181034482758621) : 4
(601, 2, 133, 0, 0, 116, 5.181034482758621) : 7
(601, 2, 136, 0, 0, 116, 5.181034482758621) : 4
(601, 2, 135, 0, 0, 116, 5.181034482758621) : 4
(601, 2, 132, 0, 0, 116, 5.181034482758621) : 5
(601, 2, 130, 0, 0, 116, 5.181034482758621) : 6
(601, 2, 137, 0, 0, 116, 5.181034482758621) : 2
(601, 2, 131, 0, 0, 116, 5.181034482758621) : 2
(601, 3, 131, 0, 0, 116, 5.181034482758621) : 49
(601, 3, 134, 0, 0, 116, 5.181034482758621) : 138
(601, 3, 133, 0, 0, 116, 5.181034482758621) : 86
(601, 3, 129, 0, 0, 116, 5.181034482758621) : 17
(601, 3, 130, 0, 0, 116, 5.181034482758621) : 20
(601, 3, 127, 0, 0, 116, 5.181034482758621) : 10
(601, 3, 136, 0, 0, 116, 5.181034482758621) : 99
(601, 3, 138, 0, 0, 116, 5.181034482758621) : 9
(601, 3, 135, 0, 0, 116, 5.181034482758621) : 69
(601, 3, 137, 0, 0, 116, 5.181034482758621) : 22
(601, 3, 132, 0, 0, 116, 5.181034482758621) : 42
(601, 3, 128, 0, 0, 116, 5.181034482758621) : 2
(601, 4, 132, 0, 0, 116, 5.181034482758621) : 28
(601, 4, 135, 0, 0, 116, 5.181034482758621) : 25
(601, 4, 137, 0, 0, 116, 5.181034482758621) : 13
(601, 4, 134, 0, 0, 116, 5.181034482758621) : 25
(601, 4, 131, 0, 0, 116, 5.181034482758621) : 29
(601, 4, 133, 0, 0, 116, 5.181034482758621) : 20
(601, 4, 140, 0, 0, 116, 5.181034482758621) : 2
(601, 4, 136, 0, 0, 116, 5.181034482758621) : 22
(601, 4, 138, 0, 0, 116, 5.181034482758621) : 6
(601, 4, 129, 0, 0, 116, 5.181034482758621) : 2
(602, 2, 138, 0, 0, 116, 5.189655172413793) : 5
(602, 2, 137, 0, 0, 116, 5.189655172413793) : 6
(602, 2, 133, 0, 0, 116, 5.189655172413793) : 1
(602, 2, 136, 0, 0, 116, 5.189655172413793) : 1
(602, 2, 130, 0, 0, 116, 5.189655172413793) : 2
(602, 2, 134, 0, 0, 116, 5.189655172413793) : 2
(602, 2, 139, 0, 0, 116, 5.189655172413793) : 2
(602, 2, 140, 0, 0, 116, 5.189655172413793) : 1
(602, 2, 132, 0, 0, 116, 5.189655172413793) : 2
(602, 3, 135, 0, 0, 116, 5.189655172413793) : 76
(602, 3, 134, 0, 0, 116, 5.189655172413793) : 69
(602, 3, 136, 0, 0, 116, 5.189655172413793) : 222
(602, 3, 137, 0, 0, 116, 5.189655172413793) : 145
(602, 3, 138, 0, 0, 116, 5.189655172413793) : 232
(602, 3, 139, 0, 0, 116, 5.189655172413793) : 84
(602, 3, 129, 0, 0, 116, 5.189655172413793) : 7
(602, 3, 128, 0, 0, 116, 5.189655172413793) : 6
(602, 3, 133, 0, 0, 116, 5.189655172413793) : 32
(602, 3, 131, 0, 0, 116, 5.189655172413793) : 8
(602, 3, 140, 0, 0, 116, 5.189655172413793) : 47
(602, 3, 132, 0, 0, 116, 5.189655172413793) : 21
(602, 3, 141, 0, 0, 116, 5.189655172413793) : 2
(602, 3, 130, 0, 0, 116, 5.189655172413793) : 7
(602, 3, 142, 0, 0, 116, 5.189655172413793) : 2
(602, 3, 143, 0, 0, 116, 5.189655172413793) : 2
(602, 4, 138, 0, 0, 116, 5.189655172413793) : 86
(602, 4, 136, 0, 0, 116, 5.189655172413793) : 86
(602, 4, 133, 0, 0, 116, 5.189655172413793) : 10
(602, 4, 139, 0, 0, 116, 5.189655172413793) : 46
(602, 4, 140, 0, 0, 116, 5.189655172413793) : 34
(602, 4, 135, 0, 0, 116, 5.189655172413793) : 31
(602, 4, 134, 0, 0, 116, 5.189655172413793) : 74
(602, 4, 137, 0, 0, 116, 5.189655172413793) : 66
(602, 4, 142, 0, 0, 116, 5.189655172413793) : 1
(602, 4, 128, 0, 0, 116, 5.189655172413793) : 2
(602, 4, 132, 0, 0, 116, 5.189655172413793) : 6
(602, 4, 129, 0, 0, 116, 5.189655172413793) : 2
(602, 4, 130, 0, 0, 116, 5.189655172413793) : 2
(602, 4, 131, 0, 0, 116, 5.189655172413793) : 2
(603, 2, 137, 0, 0, 116, 5.198275862068965) : 7
(603, 2, 138, 0, 0, 116, 5.198275862068965) : 3
(603, 2, 139, 0, 0, 116, 5.198275862068965) : 2
(603, 2, 142, 0, 0, 116, 5.198275862068965) : 2
(603, 2, 136, 0, 0, 116, 5.198275862068965) : 7
(603, 2, 141, 0, 0, 116, 5.198275862068965) : 3
(603, 2, 134, 0, 0, 116, 5.198275862068965) : 4
(603, 2, 140, 0, 0, 116, 5.198275862068965) : 3
(603, 3, 139, 0, 0, 116, 5.198275862068965) : 102
(603, 3, 140, 0, 0, 116, 5.198275862068965) : 322
(603, 3, 137, 0, 0, 116, 5.198275862068965) : 131
(603, 3, 138, 0, 0, 116, 5.198275862068965) : 133
(603, 3, 141, 0, 0, 116, 5.198275862068965) : 194
(603, 3, 133, 0, 0, 116, 5.198275862068965) : 18
(603, 3, 134, 0, 0, 116, 5.198275862068965) : 28
(603, 3, 142, 0, 0, 116, 5.198275862068965) : 45
(603, 3, 136, 0, 0, 116, 5.198275862068965) : 93
(603, 3, 135, 0, 0, 116, 5.198275862068965) : 40
(603, 3, 143, 0, 0, 116, 5.198275862068965) : 3
(603, 3, 145, 0, 0, 116, 5.198275862068965) : 1
(603, 3, 130, 0, 0, 116, 5.198275862068965) : 1
(603, 3, 132, 0, 0, 116, 5.198275862068965) : 6
(603, 3, 129, 0, 0, 116, 5.198275862068965) : 2
(603, 3, 131, 0, 0, 116, 5.198275862068965) : 2
(603, 4, 140, 0, 0, 116, 5.198275862068965) : 188
(603, 4, 136, 0, 0, 116, 5.198275862068965) : 57
(603, 4, 141, 0, 0, 116, 5.198275862068965) : 167
(603, 4, 138, 0, 0, 116, 5.198275862068965) : 214
(603, 4, 135, 0, 0, 116, 5.198275862068965) : 20
(603, 4, 137, 0, 0, 116, 5.198275862068965) : 164
(603, 4, 139, 0, 0, 116, 5.198275862068965) : 85
(603, 4, 142, 0, 0, 116, 5.198275862068965) : 84
(603, 4, 143, 0, 0, 116, 5.198275862068965) : 4
(603, 4, 144, 0, 0, 116, 5.198275862068965) : 2
(603, 4, 131, 0, 0, 116, 5.198275862068965) : 10
(603, 4, 134, 0, 0, 116, 5.198275862068965) : 11
(603, 4, 133, 0, 0, 116, 5.198275862068965) : 9
(604, 2, 143, 0, 0, 116, 5.206896551724138) : 4
(604, 2, 142, 0, 0, 116, 5.206896551724138) : 4
(604, 2, 136, 0, 0, 116, 5.206896551724138) : 5
(604, 2, 140, 0, 0, 116, 5.206896551724138) : 3
(604, 2, 138, 0, 0, 116, 5.206896551724138) : 5
(604, 2, 146, 0, 0, 116, 5.206896551724138) : 3
(604, 2, 145, 0, 0, 116, 5.206896551724138) : 3
(604, 2, 137, 0, 0, 116, 5.206896551724138) : 3
(604, 2, 139, 0, 0, 116, 5.206896551724138) : 1
(604, 3, 142, 0, 0, 116, 5.206896551724138) : 188
(604, 3, 143, 0, 0, 116, 5.206896551724138) : 206
(604, 3, 141, 0, 0, 116, 5.206896551724138) : 118
(604, 3, 140, 0, 0, 116, 5.206896551724138) : 123
(604, 3, 139, 0, 0, 116, 5.206896551724138) : 44
(604, 3, 144, 0, 0, 116, 5.206896551724138) : 62
(604, 3, 138, 0, 0, 116, 5.206896551724138) : 73
(604, 3, 136, 0, 0, 116, 5.206896551724138) : 29
(604, 3, 146, 0, 0, 116, 5.206896551724138) : 5
(604, 3, 145, 0, 0, 116, 5.206896551724138) : 5
(604, 3, 137, 0, 0, 116, 5.206896551724138) : 40
(604, 3, 134, 0, 0, 116, 5.206896551724138) : 17
(604, 3, 147, 0, 0, 116, 5.206896551724138) : 2
(604, 3, 131, 0, 0, 116, 5.206896551724138) : 2
(604, 3, 135, 0, 0, 116, 5.206896551724138) : 21
(604, 3, 132, 0, 0, 116, 5.206896551724138) : 1
(604, 4, 139, 0, 0, 116, 5.206896551724138) : 63
(604, 4, 141, 0, 0, 116, 5.206896551724138) : 102
(604, 4, 143, 0, 0, 116, 5.206896551724138) : 270
(604, 4, 140, 0, 0, 116, 5.206896551724138) : 307
(604, 4, 138, 0, 0, 116, 5.206896551724138) : 66
(604, 4, 142, 0, 0, 116, 5.206896551724138) : 336
(604, 4, 137, 0, 0, 116, 5.206896551724138) : 24
(604, 4, 144, 0, 0, 116, 5.206896551724138) : 156
(604, 4, 146, 0, 0, 116, 5.206896551724138) : 4
(604, 4, 145, 0, 0, 116, 5.206896551724138) : 3
(604, 4, 131, 0, 0, 116, 5.206896551724138) : 2
(604, 4, 136, 0, 0, 116, 5.206896551724138) : 7
(604, 4, 135, 0, 0, 116, 5.206896551724138) : 6
(604, 4, 134, 0, 0, 116, 5.206896551724138) : 5
(604, 4, 132, 0, 0, 116, 5.206896551724138) : 2
(604, 4, 133, 0, 0, 116, 5.206896551724138) : 2
(605, 2, 146, 0, 0, 116, 5.2155172413793105) : 9
(605, 2, 144, 0, 0, 116, 5.2155172413793105) : 2
(605, 2, 139, 0, 0, 116, 5.2155172413793105) : 7
(605, 2, 145, 0, 0, 116, 5.2155172413793105) : 6
(605, 2, 143, 0, 0, 116, 5.2155172413793105) : 4
(605, 2, 142, 0, 0, 116, 5.2155172413793105) : 6
(605, 2, 138, 0, 0, 116, 5.2155172413793105) : 4
(605, 2, 135, 0, 0, 116, 5.2155172413793105) : 1
(605, 2, 140, 0, 0, 116, 5.2155172413793105) : 5
(605, 2, 141, 0, 0, 116, 5.2155172413793105) : 2
(605, 2, 147, 0, 0, 116, 5.2155172413793105) : 1
(605, 3, 143, 0, 0, 116, 5.2155172413793105) : 105
(605, 3, 144, 0, 0, 116, 5.2155172413793105) : 183
(605, 3, 141, 0, 0, 116, 5.2155172413793105) : 101
(605, 3, 140, 0, 0, 116, 5.2155172413793105) : 70
(605, 3, 142, 0, 0, 116, 5.2155172413793105) : 138
(605, 3, 145, 0, 0, 116, 5.2155172413793105) : 131
(605, 3, 146, 0, 0, 116, 5.2155172413793105) : 166
(605, 3, 148, 0, 0, 116, 5.2155172413793105) : 8
(605, 3, 139, 0, 0, 116, 5.2155172413793105) : 58
(605, 3, 147, 0, 0, 116, 5.2155172413793105) : 4
(605, 3, 151, 0, 0, 116, 5.2155172413793105) : 1
(605, 3, 138, 0, 0, 116, 5.2155172413793105) : 29
(605, 3, 137, 0, 0, 116, 5.2155172413793105) : 19
(605, 3, 133, 0, 0, 116, 5.2155172413793105) : 2
(605, 3, 136, 0, 0, 116, 5.2155172413793105) : 13
(605, 3, 135, 0, 0, 116, 5.2155172413793105) : 4
(605, 4, 142, 0, 0, 116, 5.2155172413793105) : 142
(605, 4, 143, 0, 0, 116, 5.2155172413793105) : 222
(605, 4, 144, 0, 0, 116, 5.2155172413793105) : 355
(605, 4, 141, 0, 0, 116, 5.2155172413793105) : 68
(605, 4, 148, 0, 0, 116, 5.2155172413793105) : 4
(605, 4, 145, 0, 0, 116, 5.2155172413793105) : 122
(605, 4, 146, 0, 0, 116, 5.2155172413793105) : 211
(605, 4, 150, 0, 0, 116, 5.2155172413793105) : 1
(605, 4, 147, 0, 0, 116, 5.2155172413793105) : 2
(605, 4, 139, 0, 0, 116, 5.2155172413793105) : 20
(605, 4, 140, 0, 0, 116, 5.2155172413793105) : 42
(605, 4, 137, 0, 0, 116, 5.2155172413793105) : 14
(605, 4, 138, 0, 0, 116, 5.2155172413793105) : 5
(605, 4, 134, 0, 0, 116, 5.2155172413793105) : 1
(605, 4, 136, 0, 0, 116, 5.2155172413793105) : 3
(605, 4, 135, 0, 0, 116, 5.2155172413793105) : 4
(606, 2, 147, 0, 0, 116, 5.224137931034483) : 5
(606, 2, 140, 0, 0, 116, 5.224137931034483) : 2
(606, 2, 142, 0, 0, 116, 5.224137931034483) : 3
(606, 2, 144, 0, 0, 116, 5.224137931034483) : 1
(606, 2, 139, 0, 0, 116, 5.224137931034483) : 1
(606, 2, 145, 0, 0, 116, 5.224137931034483) : 1
(606, 2, 137, 0, 0, 116, 5.224137931034483) : 1
(606, 2, 148, 0, 0, 116, 5.224137931034483) : 1
(606, 2, 138, 0, 0, 116, 5.224137931034483) : 1
(606, 3, 145, 0, 0, 116, 5.224137931034483) : 42
(606, 3, 147, 0, 0, 116, 5.224137931034483) : 202
(606, 3, 143, 0, 0, 116, 5.224137931034483) : 161
(606, 3, 146, 0, 0, 116, 5.224137931034483) : 114
(606, 3, 144, 0, 0, 116, 5.224137931034483) : 99
(606, 3, 142, 0, 0, 116, 5.224137931034483) : 128
(606, 3, 148, 0, 0, 116, 5.224137931034483) : 235
(606, 3, 139, 0, 0, 116, 5.224137931034483) : 16
(606, 3, 149, 0, 0, 116, 5.224137931034483) : 12
(606, 3, 150, 0, 0, 116, 5.224137931034483) : 10
(606, 3, 140, 0, 0, 116, 5.224137931034483) : 17
(606, 3, 138, 0, 0, 116, 5.224137931034483) : 22
(606, 3, 141, 0, 0, 116, 5.224137931034483) : 33
(606, 3, 151, 0, 0, 116, 5.224137931034483) : 1
(606, 3, 137, 0, 0, 116, 5.224137931034483) : 12
(606, 3, 136, 0, 0, 116, 5.224137931034483) : 3
(606, 4, 147, 0, 0, 116, 5.224137931034483) : 305
(606, 4, 145, 0, 0, 116, 5.224137931034483) : 152
(606, 4, 146, 0, 0, 116, 5.224137931034483) : 482
(606, 4, 142, 0, 0, 116, 5.224137931034483) : 60
(606, 4, 143, 0, 0, 116, 5.224137931034483) : 149
(606, 4, 141, 0, 0, 116, 5.224137931034483) : 19
(606, 4, 144, 0, 0, 116, 5.224137931034483) : 185
(606, 4, 148, 0, 0, 116, 5.224137931034483) : 436
(606, 4, 149, 0, 0, 116, 5.224137931034483) : 12
(606, 4, 150, 0, 0, 116, 5.224137931034483) : 26
(606, 4, 138, 0, 0, 116, 5.224137931034483) : 6
(606, 4, 152, 0, 0, 116, 5.224137931034483) : 1
(606, 4, 137, 0, 0, 116, 5.224137931034483) : 4
(606, 4, 140, 0, 0, 116, 5.224137931034483) : 5
(606, 4, 139, 0, 0, 116, 5.224137931034483) : 7
(606, 4, 135, 0, 0, 116, 5.224137931034483) : 2
(607, 2, 142, 0, 0, 116, 5.232758620689655) : 1
(607, 2, 137, 0, 0, 116, 5.232758620689655) : 1
(607, 3, 148, 0, 0, 116, 5.232758620689655) : 80
(607, 3, 144, 0, 0, 116, 5.232758620689655) : 93
(607, 3, 149, 0, 0, 116, 5.232758620689655) : 122
(607, 3, 143, 0, 0, 116, 5.232758620689655) : 38
(607, 3, 145, 0, 0, 116, 5.232758620689655) : 139
(607, 3, 142, 0, 0, 116, 5.232758620689655) : 8
(607, 3, 146, 0, 0, 116, 5.232758620689655) : 87
(607, 3, 147, 0, 0, 116, 5.232758620689655) : 15
(607, 3, 150, 0, 0, 116, 5.232758620689655) : 165
(607, 3, 152, 0, 0, 116, 5.232758620689655) : 4
(607, 3, 151, 0, 0, 116, 5.232758620689655) : 2
(607, 3, 136, 0, 0, 116, 5.232758620689655) : 4
(607, 3, 139, 0, 0, 116, 5.232758620689655) : 1
(607, 3, 141, 0, 0, 116, 5.232758620689655) : 4
(607, 3, 140, 0, 0, 116, 5.232758620689655) : 1
(607, 3, 138, 0, 0, 116, 5.232758620689655) : 4
(607, 4, 149, 0, 0, 116, 5.232758620689655) : 504
(607, 4, 151, 0, 0, 116, 5.232758620689655) : 14
(607, 4, 148, 0, 0, 116, 5.232758620689655) : 217
(607, 4, 145, 0, 0, 116, 5.232758620689655) : 166
(607, 4, 147, 0, 0, 116, 5.232758620689655) : 52
(607, 4, 144, 0, 0, 116, 5.232758620689655) : 38
(607, 4, 150, 0, 0, 116, 5.232758620689655) : 775
(607, 4, 146, 0, 0, 116, 5.232758620689655) : 118
(607, 4, 143, 0, 0, 116, 5.232758620689655) : 21
(607, 4, 152, 0, 0, 116, 5.232758620689655) : 67
(607, 4, 155, 0, 0, 116, 5.232758620689655) : 1
(607, 4, 154, 0, 0, 116, 5.232758620689655) : 2
(607, 4, 142, 0, 0, 116, 5.232758620689655) : 5
(607, 4, 153, 0, 0, 116, 5.232758620689655) : 2
(607, 4, 138, 0, 0, 116, 5.232758620689655) : 3
(607, 4, 139, 0, 0, 116, 5.232758620689655) : 2
(607, 4, 140, 0, 0, 116, 5.232758620689655) : 1
(608, 2, 140, 0, 0, 116, 5.241379310344827) : 1
(608, 2, 138, 0, 0, 116, 5.241379310344827) : 1
(608, 2, 139, 0, 0, 116, 5.241379310344827) : 1
(608, 3, 151, 0, 0, 116, 5.241379310344827) : 8
(608, 3, 145, 0, 0, 116, 5.241379310344827) : 8
(608, 3, 147, 0, 0, 116, 5.241379310344827) : 7
(608, 3, 152, 0, 0, 116, 5.241379310344827) : 8
(608, 3, 143, 0, 0, 116, 5.241379310344827) : 3
(608, 3, 146, 0, 0, 116, 5.241379310344827) : 1
(608, 3, 149, 0, 0, 116, 5.241379310344827) : 3
(608, 3, 150, 0, 0, 116, 5.241379310344827) : 5
(608, 3, 141, 0, 0, 116, 5.241379310344827) : 2
(608, 3, 144, 0, 0, 116, 5.241379310344827) : 1
(608, 3, 139, 0, 0, 116, 5.241379310344827) : 2
(608, 4, 149, 0, 0, 116, 5.241379310344827) : 37
(608, 4, 151, 0, 0, 116, 5.241379310344827) : 184
(608, 4, 150, 0, 0, 116, 5.241379310344827) : 237
(608, 4, 146, 0, 0, 116, 5.241379310344827) : 5
(608, 4, 148, 0, 0, 116, 5.241379310344827) : 17
(608, 4, 152, 0, 0, 116, 5.241379310344827) : 572
(608, 4, 144, 0, 0, 116, 5.241379310344827) : 3
(608, 4, 153, 0, 0, 116, 5.241379310344827) : 1
(608, 4, 147, 0, 0, 116, 5.241379310344827) : 5
(608, 4, 145, 0, 0, 116, 5.241379310344827) : 4
(609, 3, 146, 0, 0, 116, 5.25) : 1
(609, 3, 140, 0, 0, 116, 5.25) : 1
(609, 3, 144, 0, 0, 116, 5.25) : 1
(609, 4, 151, 0, 0, 116, 5.25) : 3
(609, 4, 148, 0, 0, 116, 5.25) : 1
(609, 4, 152, 0, 0, 116, 5.25) : 12
(609, 4, 149, 0, 0, 116, 5.25) : 1
(609, 4, 150, 0, 0, 116, 5.25) : 2
(610, 3, 147, 0, 0, 116, 5.258620689655173) : 1
=== 4: 16590 | @ 1m57s.761
