[sol: 0][* 364309*][  1m16s.515][lvl:24~18]  §¹⁶.1³.0².1².1².0².1².1².1³ ~ §⁰.0⁵.2⁴.1³.0².1³.0³.1³.1³.1².1².0².0¹.0².0².0¹.0¹.0¹.0¹
tuples: 001006 001106 001206 001306 001403 001410 001430 001454 002020 002110 002200 002233 002242 002251 013002 013020 013044 013053 013224 013233 022006 022106 022306 112005
loops: 000053 001044 001133 001303 002254 003005 003412 010004 010010 010302 010353 011452 012110 012403 100014 101430 103005 110112

[sol: 1][* 372769*][  1m18s.155][lvl:24~18]  §¹⁶.1³.0².1².1².0².1².1².1³ ~ §⁰.1⁵.0⁴.1⁴.0⁴.3⁴.3⁴.0³.3⁴.0³.0³.1².2³.0².0¹.0¹.0¹.0¹.0¹
tuples: 001006 001106 001206 001306 001403 001410 001430 001454 002020 002110 002200 002233 002242 002251 013002 013020 013044 013053 013224 013233 022006 022106 022306 112005
loops: 000153 001041 001053 001312 002002 002151 002203 002410 011401 011452 020130 021212 100003 100244 100333 101110 110023 111041

[sol: 2][* 394800*][  1m22s.510][lvl:24~18]  §¹⁶.1³.0².1².1².0².1².1².1³ ~ §⁰.2⁵.1⁴.3⁴.0⁴.1⁴.2⁴.1².0³.0³.0².0¹.0¹.0¹.0¹.0¹.0¹.0¹.0¹
tuples: 001006 001106 001206 001306 001403 001410 001430 001454 002020 002110 002200 002233 002242 002251 013002 013020 013044 013053 013224 013233 022006 022106 022306 112005
loops: 000453 001041 001311 002002 002053 002100 002230 003233 003403 010330 010353 012454 020010 020303 021032 021212 022023 100012

[sol: 3][* 403713*][  1m24s.255][lvl:24~18]  §¹⁶.1³.0².1².1².0².1².1².1³ ~ §⁰.2⁵.3⁴.2⁴.2³.1⁴.1⁴.1³.0².0².1³.2³.1².0¹.0¹.0¹.0¹.0¹.0¹
tuples: 001006 001106 001206 001306 001403 001410 001430 001454 002020 002110 002200 002233 002242 002251 013002 013020 013044 013053 013224 013233 022006 022106 022306 112005
loops: 000253 001002 001224 002100 002151 003142 003412 010040 010302 020310 020330 021032 100012 100014 100253 110022 110103 121014

[sol: 4][* 407553*][  1m24s.995][lvl:24~18]  §¹⁶.1³.0².1².1².0².1².1².1³ ~ §⁰.3⁵.0³.2³.1⁴.2⁴.1⁴.1³.0².1².1².0².0¹.0².0².0¹.0¹.0¹.0¹
tuples: 001006 001106 001206 001306 001403 001410 001430 001454 002020 002110 002200 002233 002242 002251 013002 013020 013044 013053 013224 013233 022006 022106 022306 112005
loops: 000353 001042 001312 002053 003005 003411 010004 010040 011401 012430 020354 021033 021203 100013 100202 110023 110112 113032

----------------------------------------------------------------------------------------------------------------------------------------------------------------------------------

[sol: 5][* 503580*][  1m45s.192][lvl:24~18]  §¹⁶.2³.1².1².1².0².1².1².1³ ~ §⁰.0⁵.1⁴.2³.0².1³.0³.1³.1³.0².0².1².0².0².0².0¹.0¹.0¹.0¹
tuples: 001006 001106 001206 001306 001401 001410 001430 001452 002002 002011 002020 002053 002143 002233 013020 013044 013200 013224 013233 013251 022006 022106 022306 112005
loops: 000402 001041 001043 001302 003152 003233 003411 010000 010052 010253 010330 011203 011254 012430 020010 021032 022041 110343

[sol: 6][* 512131*][  1m46s.884][lvl:24~18]  §¹⁶.2³.1².1².1².0².1².1².1³ ~ §⁰.1⁵.0³.2³.2⁴.2⁴.2⁴.0⁴.2³.0².1³.2³.0².0¹.0¹.0¹.0¹.0¹.0¹
tuples: 001006 001106 001206 001306 001401 001410 001430 001452 002002 002011 002020 002053 002143 002233 013020 013044 013200 013224 013233 013251 022006 022106 022306 112005
loops: 000102 001041 001044 002402 002410 003143 010010 010051 010202 010253 020130 020352 100252 100333 101101 110023 110343 111014

[sol: 7][* 528433*][   1m50s.47][lvl:24~18]  §¹⁶.2³.1².1².1².0².1².1².1³ ~ §⁰.2⁵.2⁴.2³.2⁴.0⁴.1³.0².0².2³.1³.2³.0².0¹.0¹.0¹.0¹.0¹.0¹
tuples: 001006 001106 001206 001306 001401 001410 001430 001452 002002 002011 002020 002053 002143 002233 013020 013044 013200 013224 013233 013251 022006 022106 022306 112005
loops: 000202 001043 001224 002200 002251 003142 003453 010202 011254 020301 021032 021443 100014 100244 101110 110022 110352 121032

[sol: 8][* 542528*][  1m52s.722][lvl:24~18]  §¹⁶.2³.1².1².1².0².1².1².1³ ~ §⁰.3⁵.0⁴.3⁴.2⁴.0⁴.1⁴.1³.1².0².0¹.0².0².0².0¹.0¹.0¹.0¹.0¹
tuples: 001006 001106 001206 001306 001401 001410 001430 001452 002002 002011 002020 002053 002143 002233 013020 013044 013200 013224 013233 013251 022006 022106 022306 112005
loops: 000002 001052 001133 001311 002230 002251 002402 002453 003005 010001 011203 012110 021443 100014 100243 101152 101430 103023

[sol: 9][* 565729*][  1m57s.345][lvl:24~18]  §¹⁶.2³.1².1².1².0².1².1².1³ ~ §⁰.4⁵.1⁴.2⁴.0⁴.1⁴.2⁴.3⁴.3⁴.0³.0³.1².0¹.1².0¹.0¹.0¹.0¹.0¹
tuples: 001006 001106 001206 001306 001401 001410 001430 001452 002002 002011 002020 002053 002143 002233 013020 013044 013200 013224 013233 013251 022006 022106 022306 112005
loops: 000302 001042 001353 002200 002453 003005 003143 003402 010000 010051 020310 020330 021033 021452 100013 100243 110023 113005

----------------------------------------------------------------------------------------------------------------------------------------------------------------------------------

==================================================================================================================================================================================

