[sol: 0][*13283619*][132m22s.393][lvl:24~18]  §⁰.0⁵.0⁴.0⁴.0⁴.2⁴.0³.1⁴.1³.1³.2³.1³.1².1³.2³.2³.1³.1³.0³.0³.0².2³.0².1³.1³ ~ §⁰.0⁵.2⁴.0³.1³.1³.0³.1³.1³.0².1².1².0¹.0¹.0¹.0¹.0¹.0¹.0¹
tuples: 001006 001106 001206 001306 001403 001410 001430 001454 002020 002110 002200 002233 002242 002251 013002 013020 013044 013053 013224 013233 022006 022106 022306 112005
loops: 000053 001044 001133 001303 002254 003005 003412 010004 010010 010302 010353 011452 012110 012403 100014 101430 103005 110112

[sol: 1][*13292413*][132m24s.616][lvl:24~18]  §⁰.0⁵.0⁴.0⁴.0⁴.2⁴.0³.1⁴.1³.1³.2³.1³.1².1³.2³.2³.1³.1³.0³.0³.0².2³.0².1³.1³ ~ §⁰.1⁵.0⁴.1⁴.0⁴.3⁴.3⁴.0³.3⁴.0³.0³.1².2³.0².0¹.0¹.0¹.0¹.0¹
tuples: 001006 001106 001206 001306 001403 001410 001430 001454 002020 002110 002200 002233 002242 002251 013002 013020 013044 013053 013224 013233 022006 022106 022306 112005
loops: 000153 001041 001053 001312 002002 002151 002203 002410 011401 011452 020130 021212 100003 100244 100333 101110 110023 111041

[sol: 2][*13315198*][132m30s.480][lvl:24~18]  §⁰.0⁵.0⁴.0⁴.0⁴.2⁴.0³.1⁴.1³.1³.2³.1³.1².1³.2³.2³.1³.1³.0³.0³.0².2³.0².1³.1³ ~ §⁰.2⁵.1⁴.3⁴.2⁴.0⁴.2⁴.2³.0².2³.2³.1³.0².0².0².1².0¹.0¹.0¹
tuples: 001006 001106 001206 001306 001403 001410 001430 001454 002020 002110 002200 002233 002242 002251 013002 013020 013044 013053 013224 013233 022006 022106 022306 112005
loops: 000453 001041 001311 002002 002053 002100 002230 003233 003403 010330 010353 012454 020010 020303 021032 021212 022023 100012

[sol: 3][*13322738*][132m32s.395][lvl:24~18]  §⁰.0⁵.0⁴.0⁴.0⁴.2⁴.0³.1⁴.1³.1³.2³.1³.1².1³.2³.2³.1³.1³.0³.0³.0².2³.0².1³.1³ ~ §⁰.2⁵.3⁴.2⁴.2³.1⁴.1⁴.1³.0².0².1³.2³.1².0¹.0¹.0¹.0¹.0¹.0¹
tuples: 001006 001106 001206 001306 001403 001410 001430 001454 002020 002110 002200 002233 002242 002251 013002 013020 013044 013053 013224 013233 022006 022106 022306 112005
loops: 000253 001002 001224 002100 002151 003142 003412 010040 010302 020310 020330 021032 100012 100014 100253 110022 110103 121014

[sol: 4][*13326599*][132m33s.366][lvl:24~18]  §⁰.0⁵.0⁴.0⁴.0⁴.2⁴.0³.1⁴.1³.1³.2³.1³.1².1³.2³.2³.1³.1³.0³.0³.0².2³.0².1³.1³ ~ §⁰.3⁵.0³.2³.1⁴.2⁴.1⁴.1³.0².1².1².0².0¹.0².0².0¹.0¹.0¹.0¹
tuples: 001006 001106 001206 001306 001403 001410 001430 001454 002020 002110 002200 002233 002242 002251 013002 013020 013044 013053 013224 013233 022006 022106 022306 112005
loops: 000353 001042 001312 002053 003005 003411 010004 010040 011401 012430 020354 021033 021203 100013 100202 110023 110112 113032

----------------------------------------------------------------------------------------------------------------------------------------------------------------------------------

[sol: 5][*13452111*][134m55s.711][lvl:24~18]  §⁰.0⁵.0⁴.0⁴.0⁴.2⁴.0³.3⁴.2³.1³.2³.1³.1³.2³.1³.2³.2³.1³.2³.0³.0².1³.0².2³.1³ ~ §⁰.0⁵.1⁴.0³.2³.1³.0³.1³.1³.0².1².0¹.0².0².0¹.0¹.0¹.0¹.0¹
tuples: 001006 001106 001206 001306 001401 001410 001430 001452 002002 002011 002020 002053 002143 002233 013020 013044 013200 013224 013233 013251 022006 022106 022306 112005
loops: 000402 001041 001043 001302 003152 003233 003411 010000 010052 010253 010330 011203 011254 012430 020010 021032 022041 110343

[sol: 6][*13460817*][134m57s.918][lvl:24~18]  §⁰.0⁵.0⁴.0⁴.0⁴.2⁴.0³.3⁴.2³.1³.2³.1³.1³.2³.1³.2³.2³.1³.2³.0³.0².1³.0².2³.1³ ~ §⁰.1⁵.0³.2³.2⁴.2⁴.2⁴.0⁴.2³.0².1³.0².0¹.0¹.0¹.0¹.0¹.0¹.0¹
tuples: 001006 001106 001206 001306 001401 001410 001430 001452 002002 002011 002020 002053 002143 002233 013020 013044 013200 013224 013233 013251 022006 022106 022306 112005
loops: 000102 001041 001044 002402 002410 003143 010010 010051 010202 010253 020130 020352 100252 100333 101101 110023 110343 111014

[sol: 7][*13476264*][ 135m1s.705][lvl:24~18]  §⁰.0⁵.0⁴.0⁴.0⁴.2⁴.0³.3⁴.2³.1³.2³.1³.1³.2³.1³.2³.2³.1³.2³.0³.0².1³.0².2³.1³ ~ §⁰.2⁵.2⁴.2³.2⁴.0⁴.1³.0².0².2³.1³.0².0¹.0¹.0¹.0¹.0¹.0¹.0¹
tuples: 001006 001106 001206 001306 001401 001410 001430 001452 002002 002011 002020 002053 002143 002233 013020 013044 013200 013224 013233 013251 022006 022106 022306 112005
loops: 000202 001043 001224 002200 002251 003142 003453 010202 011254 020301 021032 021443 100014 100244 101110 110022 110352 121032

[sol: 8][*13489493*][ 135m4s.874][lvl:24~18]  §⁰.0⁵.0⁴.0⁴.0⁴.2⁴.0³.3⁴.2³.1³.2³.1³.1³.2³.1³.2³.2³.1³.2³.0³.0².1³.0².2³.1³ ~ §⁰.3⁵.0⁴.3⁴.2⁴.0⁴.2⁴.1³.1².2³.1³.1³.0².0².0².1².0¹.0¹.0¹
tuples: 001006 001106 001206 001306 001401 001410 001430 001452 002002 002011 002020 002053 002143 002233 013020 013044 013200 013224 013233 013251 022006 022106 022306 112005
loops: 000002 001052 001133 001311 002230 002251 002402 002453 003005 010001 011203 012110 021443 100014 100243 101152 101430 103023

[sol: 9][*13512286*][135m10s.564][lvl:24~18]  §⁰.0⁵.0⁴.0⁴.0⁴.2⁴.0³.3⁴.2³.1³.2³.1³.1³.2³.1³.2³.2³.1³.2³.0³.0².1³.0².2³.1³ ~ §⁰.4⁵.1⁴.2⁴.0⁴.1⁴.2⁴.3⁴.3⁴.0³.0³.1².0¹.1².0¹.0¹.0¹.0¹.0¹
tuples: 001006 001106 001206 001306 001401 001410 001430 001452 002002 002011 002020 002053 002143 002233 013020 013044 013200 013224 013233 013251 022006 022106 022306 112005
loops: 000302 001042 001353 002200 002453 003005 003143 003402 010000 010051 020310 020330 021033 021452 100013 100243 110023 113005

----------------------------------------------------------------------------------------------------------------------------------------------------------------------------------

[sol: 0][*16164014*][277m29s.110][lvl:24~18]  §⁰.1⁵.0⁴.0⁴.0⁴.2⁴.2³.1⁴.1³.2³.2³.1³.2³.2³.0³.2³.1³.0³.1³.1³.0².2³.0².1³.0³ ~ §⁰.0⁵.2⁴.0³.1³.1³.0³.1³.1³.0².1².1².0¹.0¹.0¹.0¹.0¹.0¹.0¹
tuples: 001005 001014 001023 001032 001042 001224 001403 001454 002020 002110 002200 002233 002242 002251 013002 013010 013020 013043 013053 013233 022005 022014 022032 112006
loops: 000002 001354 001412 001420 002203 003006 003044 010040 010142 010302 010353 011401 012242 012454 100106 101224 103006 110244

[sol: 1][*16172873*][277m33s.308][lvl:24~18]  §⁰.1⁵.0⁴.0⁴.0⁴.2⁴.2³.1⁴.1³.2³.2³.1³.2³.2³.0³.2³.1³.0³.1³.1³.0².2³.0².1³.0³ ~ §⁰.1⁵.0⁴.1⁴.0⁴.3⁴.3⁴.0³.3⁴.0³.1³.1².1³.0².0¹.0¹.0¹.0¹.0¹
tuples: 001005 001014 001023 001032 001042 001224 001403 001454 002020 002110 002200 002233 002242 002251 013002 013010 013020 013043 013053 013233 022005 022014 022032 112006
loops: 000102 001002 001406 001444 002042 002053 002100 002254 011401 011452 020013 021344 100054 100112 100120 101242 110206 111406

[sol: 2][*16211059*][277m50s.528][lvl:24~18]  §⁰.1⁵.0⁴.0⁴.0⁴.2⁴.2³.1⁴.1³.2³.2³.1³.2³.2³.0³.2³.1³.0³.1³.1³.0².2³.0².1³.0³ ~ §⁰.2⁵.3⁴.2³.2⁴.0⁴.1³.0².0².2³.1³.0².0¹.0¹.0¹.0¹.0¹.0¹.0¹
tuples: 001005 001014 001023 001032 001042 001224 001403 001454 002020 002110 002200 002233 002242 002251 013002 013010 013020 013043 013053 013233 022005 022014 022032 112006
loops: 000202 001053 001430 002100 002151 003010 003044 010004 010353 020031 020124 021306 100106 100144 100202 110154 110220 121106

[sol: 3][*16214058*][277m51s.899][lvl:24~18]  §⁰.1⁵.0⁴.0⁴.0⁴.2⁴.2³.1⁴.1³.2³.2³.1³.2³.2³.0³.2³.1³.0³.1³.1³.0².2³.0².1³.0³ ~ §⁰.3⁵.0³.2³.1⁴.3⁴.0⁴.2³.0².1³.1³.0².0¹.0¹.0¹.0¹.0¹.0¹.0¹
tuples: 001005 001014 001023 001032 001042 001224 001403 001454 002020 002110 002200 002233 002242 002251 013002 013010 013020 013043 013053 013233 022005 022014 022032 112006
loops: 000302 001410 001444 002002 003006 003043 010004 010040 011452 012224 020303 021254 021320 100130 100253 110206 110244 113306

[sol: 4][*16220546*][277m54s.849][lvl:24~18]  §⁰.1⁵.0⁴.0⁴.0⁴.2⁴.2³.1⁴.1³.2³.2³.1³.2³.2³.0³.2³.1³.0³.1³.1³.0².2³.0².1³.0³ ~ §⁰.4⁵.0⁴.3⁴.2⁴.2⁴.3⁴.1².1⁴.1².0².1³.0².0².0².1².0¹.0¹.0¹
tuples: 001005 001014 001023 001032 001042 001224 001403 001454 002020 002110 002200 002233 002242 002251 013002 013010 013020 013043 013053 013233 022005 022014 022032 112006
loops: 000402 001406 001443 002002 002024 002053 002151 003020 003454 010124 010302 012403 020142 020354 021306 021344 022206 100144

----------------------------------------------------------------------------------------------------------------------------------------------------------------------------------

[sol: 5][*16268023*][ 281m31s.33][lvl:24~18]  §⁰.1⁵.0⁴.0⁴.0⁴.2⁴.2³.3⁴.2³.2³.2³.0³.0².1³.2³.1³.2³.1³.2³.1³.1².1³.0².2³.0³ ~ §⁰.0⁵.3⁴.0³.2³.1³.0³.1³.2³.0².1².0¹.0².0².0¹.0¹.0¹.0¹.0¹
tuples: 001005 001014 001023 001032 001042 001224 001401 001452 002002 002011 002020 002053 002143 002233 013010 013020 013043 013200 013233 013251 022005 022014 022032 112006
loops: 000053 001001 001420 001443 002024 002200 002402 002453 003006 010052 011254 012242 021311 100106 100111 101101 101224 103206

[sol: 6][*16288337*][281m39s.962][lvl:24~18]  §⁰.1⁵.0⁴.0⁴.0⁴.2⁴.2³.3⁴.2³.2³.2³.0³.0².1³.2³.1³.2³.1³.2³.1³.1².1³.0².2³.0³ ~ §⁰.1⁵.3⁴.2³.2⁴.1⁴.1³.0².0².1³.1³.1².0¹.0¹.0¹.0¹.0¹.0¹.0¹
tuples: 001005 001014 001023 001032 001042 001224 001401 001452 002002 002011 002020 002053 002143 002233 013010 013020 013043 013200 013233 013251 022005 022014 022032 112006
loops: 000353 001302 001410 002251 002402 003006 003011 003453 010000 010051 020031 020124 021320 021401 100111 100130 110206 113006

[sol: 7][*16290835*][281m41s.229][lvl:24~18]  §⁰.1⁵.0⁴.0⁴.0⁴.2⁴.2³.3⁴.2³.2³.2³.0³.0².1³.2³.1³.2³.1³.2³.1³.1².1³.0².2³.0³ ~ §⁰.2⁵.0³.2³.1⁴.0³.0³.0².1³.1³.0².0¹.0².0¹.0¹.0¹.0¹.0¹.0¹
tuples: 001005 001014 001023 001032 001042 001224 001401 001452 002002 002011 002020 002053 002143 002233 013010 013020 013043 013200 013233 013251 022005 022014 022032 112006
loops: 000253 001411 001430 002200 002251 003010 003402 010253 011203 020352 021306 021311 100106 100112 101242 110220 110301 121306

[sol: 8][*16300685*][281m45s.605][lvl:24~18]  §⁰.1⁵.0⁴.0⁴.0⁴.2⁴.2³.3⁴.2³.2³.2³.0³.0².1³.2³.1³.2³.1³.2³.1³.1².1³.0².2³.0³ ~ §⁰.3⁵.1⁴.3⁴.2⁴.1⁴.1³.2⁴.1².1³.1³.0².0¹.0².0¹.0¹.0¹.0¹.0¹
tuples: 001005 001014 001023 001032 001042 001224 001401 001452 002002 002011 002020 002053 002143 002233 013010 013020 013043 013200 013233 013251 022005 022014 022032 112006
loops: 000153 001406 001412 002042 002453 003011 010000 010142 010202 010253 020013 020301 100120 100201 101152 110206 110211 111106

[sol: 9][*16314128*][281m51s.706][lvl:24~18]  §⁰.1⁵.0⁴.0⁴.0⁴.2⁴.2³.3⁴.2³.2³.2³.0³.0².1³.2³.1³.2³.1³.2³.1³.1².1³.0².2³.0³ ~ §⁰.4⁵.0⁴.1⁴.0⁴.2⁴.2⁴.3⁴.3⁴.0³.0³.0².0¹.1².0¹.0¹.0¹.0¹.0¹
tuples: 001005 001014 001023 001032 001042 001224 001401 001452 002002 002011 002020 002053 002143 002233 013010 013020 013043 013200 013233 013251 022005 022014 022032 112006
loops: 000453 001353 001406 001411 003020 003043 003101 010001 010051 010124 010202 011203 011254 012224 020142 021306 022406 110211

----------------------------------------------------------------------------------------------------------------------------------------------------------------------------------
==================================================================================================================================================================================

