[sol: 0][*16164014*][277m29s.110][lvl:24~18]  §⁰.1⁵.0⁴.0⁴.0⁴.2⁴.2³.1⁴.1³.2³.2³.1³.2³.2³.0³.2³.1³.0³.1³.1³.0².2³.0².1³.0³ ~ §⁰.0⁵.2⁴.0³.1³.1³.0³.1³.1³.0².1².1².0¹.0¹.0¹.0¹.0¹.0¹.0¹
tuples: 001005 001014 001023 001032 001042 001224 001403 001454 002020 002110 002200 002233 002242 002251 013002 013010 013020 013043 013053 013233 022005 022014 022032 112006
loops: 000002 001354 001412 001420 002203 003006 003044 010040 010142 010302 010353 011401 012242 012454 100106 101224 103006 110244

[sol: 1][*16172873*][277m33s.308][lvl:24~18]  §⁰.1⁵.0⁴.0⁴.0⁴.2⁴.2³.1⁴.1³.2³.2³.1³.2³.2³.0³.2³.1³.0³.1³.1³.0².2³.0².1³.0³ ~ §⁰.1⁵.0⁴.1⁴.0⁴.3⁴.3⁴.0³.3⁴.0³.1³.1².1³.0².0¹.0¹.0¹.0¹.0¹
tuples: 001005 001014 001023 001032 001042 001224 001403 001454 002020 002110 002200 002233 002242 002251 013002 013010 013020 013043 013053 013233 022005 022014 022032 112006
loops: 000102 001002 001406 001444 002042 002053 002100 002254 011401 011452 020013 021344 100054 100112 100120 101242 110206 111406

[sol: 2][*16211059*][277m50s.528][lvl:24~18]  §⁰.1⁵.0⁴.0⁴.0⁴.2⁴.2³.1⁴.1³.2³.2³.1³.2³.2³.0³.2³.1³.0³.1³.1³.0².2³.0².1³.0³ ~ §⁰.2⁵.3⁴.2³.2⁴.0⁴.1³.0².0².2³.1³.0².0¹.0¹.0¹.0¹.0¹.0¹.0¹
tuples: 001005 001014 001023 001032 001042 001224 001403 001454 002020 002110 002200 002233 002242 002251 013002 013010 013020 013043 013053 013233 022005 022014 022032 112006
loops: 000202 001053 001430 002100 002151 003010 003044 010004 010353 020031 020124 021306 100106 100144 100202 110154 110220 121106

[sol: 3][*16214058*][277m51s.899][lvl:24~18]  §⁰.1⁵.0⁴.0⁴.0⁴.2⁴.2³.1⁴.1³.2³.2³.1³.2³.2³.0³.2³.1³.0³.1³.1³.0².2³.0².1³.0³ ~ §⁰.3⁵.0³.2³.1⁴.3⁴.0⁴.2³.0².1³.1³.0².0¹.0¹.0¹.0¹.0¹.0¹.0¹
tuples: 001005 001014 001023 001032 001042 001224 001403 001454 002020 002110 002200 002233 002242 002251 013002 013010 013020 013043 013053 013233 022005 022014 022032 112006
loops: 000302 001410 001444 002002 003006 003043 010004 010040 011452 012224 020303 021254 021320 100130 100253 110206 110244 113306

[sol: 4][*16220546*][277m54s.849][lvl:24~18]  §⁰.1⁵.0⁴.0⁴.0⁴.2⁴.2³.1⁴.1³.2³.2³.1³.2³.2³.0³.2³.1³.0³.1³.1³.0².2³.0².1³.0³ ~ §⁰.4⁵.0⁴.3⁴.2⁴.2⁴.3⁴.1².1⁴.1².0².1³.0².0².0².1².0¹.0¹.0¹
tuples: 001005 001014 001023 001032 001042 001224 001403 001454 002020 002110 002200 002233 002242 002251 013002 013010 013020 013043 013053 013233 022005 022014 022032 112006
loops: 000402 001406 001443 002002 002024 002053 002151 003020 003454 010124 010302 012403 020142 020354 021306 021344 022206 100144

----------------------------------------------------------------------------------------------------------------------------------------------------------------------------------

[sol: 5][*16268023*][ 281m31s.33][lvl:24~18]  §⁰.1⁵.0⁴.0⁴.0⁴.2⁴.2³.3⁴.2³.2³.2³.0³.0².1³.2³.1³.2³.1³.2³.1³.1².1³.0².2³.0³ ~ §⁰.0⁵.3⁴.0³.2³.1³.0³.1³.2³.0².1².0¹.0².0².0¹.0¹.0¹.0¹.0¹
tuples: 001005 001014 001023 001032 001042 001224 001401 001452 002002 002011 002020 002053 002143 002233 013010 013020 013043 013200 013233 013251 022005 022014 022032 112006
loops: 000053 001001 001420 001443 002024 002200 002402 002453 003006 010052 011254 012242 021311 100106 100111 101101 101224 103206

[sol: 6][*16288337*][281m39s.962][lvl:24~18]  §⁰.1⁵.0⁴.0⁴.0⁴.2⁴.2³.3⁴.2³.2³.2³.0³.0².1³.2³.1³.2³.1³.2³.1³.1².1³.0².2³.0³ ~ §⁰.1⁵.3⁴.2³.2⁴.1⁴.1³.0².0².1³.1³.1².0¹.0¹.0¹.0¹.0¹.0¹.0¹
tuples: 001005 001014 001023 001032 001042 001224 001401 001452 002002 002011 002020 002053 002143 002233 013010 013020 013043 013200 013233 013251 022005 022014 022032 112006
loops: 000353 001302 001410 002251 002402 003006 003011 003453 010000 010051 020031 020124 021320 021401 100111 100130 110206 113006

[sol: 7][*16290835*][281m41s.229][lvl:24~18]  §⁰.1⁵.0⁴.0⁴.0⁴.2⁴.2³.3⁴.2³.2³.2³.0³.0².1³.2³.1³.2³.1³.2³.1³.1².1³.0².2³.0³ ~ §⁰.2⁵.0³.2³.1⁴.0³.0³.0².1³.1³.0².0¹.0².0¹.0¹.0¹.0¹.0¹.0¹
tuples: 001005 001014 001023 001032 001042 001224 001401 001452 002002 002011 002020 002053 002143 002233 013010 013020 013043 013200 013233 013251 022005 022014 022032 112006
loops: 000253 001411 001430 002200 002251 003010 003402 010253 011203 020352 021306 021311 100106 100112 101242 110220 110301 121306

[sol: 8][*16300685*][281m45s.605][lvl:24~18]  §⁰.1⁵.0⁴.0⁴.0⁴.2⁴.2³.3⁴.2³.2³.2³.0³.0².1³.2³.1³.2³.1³.2³.1³.1².1³.0².2³.0³ ~ §⁰.3⁵.1⁴.3⁴.2⁴.1⁴.1³.2⁴.1².1³.1³.0².0¹.0².0¹.0¹.0¹.0¹.0¹
tuples: 001005 001014 001023 001032 001042 001224 001401 001452 002002 002011 002020 002053 002143 002233 013010 013020 013043 013200 013233 013251 022005 022014 022032 112006
loops: 000153 001406 001412 002042 002453 003011 010000 010142 010202 010253 020013 020301 100120 100201 101152 110206 110211 111106

[sol: 9][*16314128*][281m51s.706][lvl:24~18]  §⁰.1⁵.0⁴.0⁴.0⁴.2⁴.2³.3⁴.2³.2³.2³.0³.0².1³.2³.1³.2³.1³.2³.1³.1².1³.0².2³.0³ ~ §⁰.4⁵.0⁴.1⁴.0⁴.2⁴.2⁴.3⁴.3⁴.0³.0³.0².0¹.1².0¹.0¹.0¹.0¹.0¹
tuples: 001005 001014 001023 001032 001042 001224 001401 001452 002002 002011 002020 002053 002143 002233 013010 013020 013043 013200 013233 013251 022005 022014 022032 112006
loops: 000453 001353 001406 001411 003020 003043 003101 010001 010051 010124 010202 011203 011254 012224 020142 021306 022406 110211

----------------------------------------------------------------------------------------------------------------------------------------------------------------------------------

