[-0-][*0*][    0m0s.24][lvl:120][uc:492] §¹²⁰
1033324 0011257 0121030 0032507 0001214 1123251 0010027 0113234 0032417 0224542 0023047 0134002 0113116 0001337 0033337 0014127 0134243 0010462 0001057 0032056 0011117 0023147 0024305 0023240 0001407 0113023 0002007 0121554 0010433 0010207 0113153 0224220 0224241 0023417 0224130 0224502 0224511 1033333 0034251 0002247 0002157 0002337 0034260 0002547 0014227 0011007 0023263 0122547 0024314 0131246 0024504 0011467 0011554 0033022 0032237 0033226 0033251 0033263 0010135 0023225 0001563 0010502 0020060 0020051 0024437 0024513 0024532 0024540 1033315 0033120 0112247 0113144 0121106 0121005 1123201 0002421 0032157 0121130 0121153 0121115 0134234 0002464 0121465 0033030 0010357 0024127 0034314 0134314 0001143 0010153 0112445 0131365 0112547 0123014 0010110 0023234 0010444 0010144 0011502 0014014 0033516 0112325 1123112 0131212 0134435 0121221 0112027 0001507 0023216 0023527 0024037 0024261 0024563 0032065 0001100 0001134 0034031 0113212 0034041 0121367
=== === ===

=== === ===
[-0-][*92*][  0m52s.684][lvl:88][uc:1590] §⁰.0⁶.0⁵.0⁵.0⁵.0⁵.0⁵.0⁶.0⁴.0⁴.0⁵.0⁴.0⁵.0⁶.0⁵.0⁴.0⁵.0⁴.1⁵.1⁴.0⁵.0⁵.0⁵.0⁵.0⁴.0⁶.0⁵.0⁵.0⁵.0⁵.0⁶.0⁵.0⁵.0⁵.0⁵.0⁵.0⁵.0⁵.0⁵.0⁵.0⁵.0⁵.0⁶.0⁵.0⁵.0⁵.0⁵.0⁵.0⁵.0⁵.0⁵.0⁵.0⁵.0⁵.0⁵.0⁴.0⁴.0⁵.0⁵.0⁴.0⁴.0⁴.0⁴.0⁴.0⁴.0⁴.1⁴.0³.0³.0³.0².0².0².0².0².0².0².0¹.0².0².0².0².0¹.0².0³.0².0³.1².0²
0001007 0001107 0001207 0001307 0001407 0001517 0002007 0002337 0002427 0002157 0002247 0002507 0010037 0010307 0010547 0010127 0010217 0010453 0010462 0010435 0014107 0014227 0020007 0020117 0011007 0011157 0011207 0011427 0011507 0023047 0023157 0023207 0023337 0023407 0023517 0032547 0032467 0032047 0032137 0032227 0032307 0024037 0024107 0024257 0024307 0024457 0024547 0112307 0112037 0112107 0112217 0112407 0112527 0113007 0113147 0113237 0121047 0033007 0033337 0033427 0123107 0033137 0033207 0123017 0123447 0033536 0033516 0033544 0033553 0034211 0034266 0034067 0034201 0034246 0034346 0034301 0034352 0130037 0134242 1033165 1033315 1033435 0033564 0121157 1033426 0121206 0121252 1033066
=== @ end | mc: ⟨cycle:1324@012131⟩ ===		


--- seed:0 ---
[-0-][*13*][  0m42s.786][lvl:79][uc:1974] §⁶⁶.0¹.0².1².0².0¹.0².0².0².0².0².0².0¹.0¹
0001007 0001107 0001407 0001517 0002007 0002427 0002157 0002247 0002507 0010037 0010307 0010547 0010127 0010217 0010453 0010462 0010435 0014107 0014227 0020007 0020117 0011007 0011157 0011207 0011427 0011507 0023047 0023157 0023207 0023337 0023407 0023517 0032547 0032467 0032047 0032137 0032307 0024037 0024257 0024307 0024457 0024547 0112307 0112037 0112107 0112527 0113007 0113147 0113237 0033427 0033137 0123447 0033536 0033516 0033544 0033553 0034266 0034067 0034201 0034346 0034301 0130037 0134242 1033315 0033564 0121310 0034211 0001337 0002346 0034354 0001260 0001210 0001234 0002365 0033326 0033330 1033433 0033305 0033254
=== @ end | mc: ⟨cycle:775@003325⟩ ===
--- seed:1 ---
[-1-][*26*][   0m53s.23][lvl:91][uc:1476] §⁶⁶.0¹.0¹.0².0².0².0¹.0².0².1³.1².0³.0³.0³.0².0³.0³.0².0².1².0³.0³.0³.0².1².2³
0001007 0001107 0001407 0001517 0002007 0002427 0002157 0002247 0002507 0010037 0010307 0010547 0010127 0010217 0010453 0010462 0010435 0014107 0014227 0020007 0020117 0011007 0011157 0011207 0011427 0011507 0023047 0023157 0023207 0023337 0023407 0023517 0032547 0032467 0032047 0032137 0032307 0024037 0024257 0024307 0024457 0024547 0112307 0112037 0112107 0112527 0113007 0113147 0113237 0033427 0033137 0123447 0033536 0033516 0033544 0033553 0034266 0034067 0034201 0034346 0034301 0130037 0134242 1033315 0033564 0121311 0002313 0034211 0001337 0002331 0001237 0034352 0002322 0032247 0002365 0033305 0112257 0033017 0122560 0123047 0121017 0121167 0122062 1033426 1033246 0121244 0112407 0121256 0211255 1123106 0121202
=== @ end | mc: ⟨cycle:1319@012123⟩ === 
--- seed:2 ---
[-2-][*5*][  0m41s.475][lvl:71][uc:2226] §⁶⁶.0¹.0².0².0².0¹
0001007 0001107 0001407 0001517 0002007 0002427 0002157 0002247 0002507 0010037 0010307 0010547 0010127 0010217 0010453 0010462 0010435 0014107 0014227 0020007 0020117 0011007 0011157 0011207 0011427 0011507 0023047 0023157 0023207 0023337 0023407 0023517 0032547 0032467 0032047 0032137 0032307 0024037 0024257 0024307 0024457 0024547 0112307 0112037 0112107 0112527 0113007 0113147 0113237 0033427 0033137 0123447 0033536 0033516 0033544 0033553 0034266 0034067 0034201 0034346 0034301 0130037 0134242 1033315 0033564 0121312 0034211 0001337 0002347 0034354 0001260
=== @ end | mc: ⟨cycle:57@000121⟩ === 
--- seed:3 ---
[-3-][*11*][  0m36s.166][lvl:77][uc:2040] §⁶⁶.0¹.0².0².0¹.0².0².0².0².0².0².0²
0001007 0001107 0001407 0001517 0002007 0002427 0002157 0002247 0002507 0010037 0010307 0010547 0010127 0010217 0010453 0010462 0010435 0014107 0014227 0020007 0020117 0011007 0011157 0011207 0011427 0011507 0023047 0023157 0023207 0023337 0023407 0023517 0032547 0032467 0032047 0032137 0032307 0024037 0024257 0024307 0024457 0024547 0112307 0112037 0112107 0112527 0113007 0113147 0113237 0033427 0033137 0123447 0033536 0033516 0033544 0033553 0034266 0034067 0034201 0034346 0034301 0130037 0134242 1033315 0033564 0121313 0034211 0001337 0034354 0001260 0001210 0001234 0002337 0034245 1033435 1033536 0033247
=== @ end | mc: ⟨cycle:774@003324⟩ === 
--- seed:4 ---
[-4-][*9*][  0m34s.575][lvl:75][uc:2112] §⁶⁶.0¹.0².0².0¹.0².0².0².0².0²
0001007 0001107 0001407 0001517 0002007 0002427 0002157 0002247 0002507 0010037 0010307 0010547 0010127 0010217 0010453 0010462 0010435 0014107 0014227 0020007 0020117 0011007 0011157 0011207 0011427 0011507 0023047 0023157 0023207 0023337 0023407 0023517 0032547 0032467 0032047 0032137 0032307 0024037 0024257 0024307 0024457 0024547 0112307 0112037 0112107 0112527 0113007 0113147 0113237 0033427 0033137 0123447 0033536 0033516 0033544 0033553 0034266 0034067 0034201 0034346 0034301 0130037 0134242 1033315 0033564 0121314 0034211 0001337 0034354 0001260 0001210 0001234 0002337 0034245 0112256
=== @ end | mc: ⟨cycle:729@003221⟩ === 
--- seed:5 ---
[-5-][*11*][  0m54s.743][lvl:77][uc:2046] §⁶⁶.0¹.0².0².0¹.0².0².0².0².0².0¹.0¹
0001007 0001107 0001407 0001517 0002007 0002427 0002157 0002247 0002507 0010037 0010307 0010547 0010127 0010217 0010453 0010462 0010435 0014107 0014227 0020007 0020117 0011007 0011157 0011207 0011427 0011507 0023047 0023157 0023207 0023337 0023407 0023517 0032547 0032467 0032047 0032137 0032307 0024037 0024257 0024307 0024457 0024547 0112307 0112037 0112107 0112527 0113007 0113147 0113237 0033427 0033137 0123447 0033536 0033516 0033544 0033553 0034266 0034067 0034201 0034346 0034301 0130037 0134242 1033315 0033564 0121315 0034211 0001337 0034354 0001260 0001210 0001234 0002337 0034245 1033433 0033305 0033254
=== @ end | mc: ⟨cycle:775@003325⟩ === 
--- seed:6 ---
[-6-][*8*][  0m39s.910][lvl:74][uc:2136] §⁶⁶.0¹.0².0².0¹.0².0².0².0²
0001007 0001107 0001407 0001517 0002007 0002427 0002157 0002247 0002507 0010037 0010307 0010547 0010127 0010217 0010453 0010462 0010435 0014107 0014227 0020007 0020117 0011007 0011157 0011207 0011427 0011507 0023047 0023157 0023207 0023337 0023407 0023517 0032547 0032467 0032047 0032137 0032307 0024037 0024257 0024307 0024457 0024547 0112307 0112037 0112107 0112527 0113007 0113147 0113237 0033427 0033137 0123447 0033536 0033516 0033544 0033553 0034266 0034067 0034201 0034346 0034301 0130037 0134242 1033315 0033564 0121316 0034211 0001337 0034354 0001260 0001210 0001234 0002337 0034245
=== @ end | mc: ⟨cycle:729@003221⟩ === 
--- seed:7 ---
[-7-][*23*][  0m46s.675][lvl:89][uc:1566] §⁶⁶.0¹.0¹.0².0¹.0².0².0³.0².0³.0².0².0¹.0³.0³.0².1².1².1².0².0³.0³.0².1³
0001007 0001107 0001407 0001517 0002007 0002427 0002157 0002247 0002507 0010037 0010307 0010547 0010127 0010217 0010453 0010462 0010435 0014107 0014227 0020007 0020117 0011007 0011157 0011207 0011427 0011507 0023047 0023157 0023207 0023337 0023407 0023517 0032547 0032467 0032047 0032137 0032307 0024037 0024257 0024307 0024457 0024547 0112307 0112037 0112107 0112527 0113007 0113147 0113237 0033427 0033137 0123447 0033536 0033516 0033544 0033553 0034266 0034067 0034201 0034346 0034301 0130037 0134242 1033315 0033564 0121317 0001337 0034211 0001247 0034352 0002317 0032247 0024167 0033067 0033257 0033307 0034246 1033435 0112257 0112407 1033165 1033063 1033034 0134031 1033426 0121037 0121157 0134551 0121204
=== @ end | mc: ⟨cycle:1316@012120⟩ === 
=== === ===


--- seed:0 ---
[-0-][*12*][   0m2s.704][lvl:81][uc:1860] §⁶⁹.0¹.0¹.0².0³.0³.0³.0².0².1².0¹.0².0²
0001007 0001407 0001517 0002007 0002157 0002507 0010037 0010307 0010547 0010127 0010217 0010453 0010462 0010435 0014107 0014227 0020007 0020117 0011007 0011157 0011207 0011427 0011507 0023047 0023157 0023207 0023337 0023407 0023517 0032547 0032467 0032047 0032307 0024037 0024307 0024457 0024547 0112037 0112107 0112527 0113007 0113147 0113237 0033137 0033536 0033516 0033544 0033553 0034266 0034067 0034201 0034346 0034301 0130037 0134242 0033564 0121311 0002313 0001337 0001237 0034352 0002322 0032247 0002365 0033305 0122062 0112407 1123106 0121230 0002331 0034211 0001147 0002247 0002437 0033457 0123415 0122566 0123002 1033166 0123064 0121525
=== @ end | mc: ⟨cycle:1340@012153⟩ ===
--- seed:1 ---
[-1-][*17*][   0m3s.550][lvl:86][uc:1674] §⁶⁹.0¹.0¹.0².0³.0³.0³.0³.1².0².1².1³.1².0².0³.0³.0³.0³
0001007 0001407 0001517 0002007 0002157 0002507 0010037 0010307 0010547 0010127 0010217 0010453 0010462 0010435 0014107 0014227 0020007 0020117 0011007 0011157 0011207 0011427 0011507 0023047 0023157 0023207 0023337 0023407 0023517 0032547 0032467 0032047 0032307 0024037 0024307 0024457 0024547 0112037 0112107 0112527 0113007 0113147 0113237 0033137 0033536 0033516 0033544 0033553 0034266 0034067 0034201 0034346 0034301 0130037 0134242 0033564 0121311 0002313 0001337 0001237 0034352 0002322 0032247 0002365 0033305 0122062 0112407 1123106 0121231 0002331 0034211 0002427 0001157 0002227 0033457 0122156 0123463 1033426 1033246 0032134 0032150 1132167 0032110 0024137 0121115 0033047
=== @ end | mc: ⟨cycle:1315@012116⟩ === 
--- seed:2 ---
[-2-][*15*][   0m3s.156][lvl:84][uc:1734] §⁶⁹.0¹.0¹.0².0³.0³.0³.0³.0³.0¹.0³.1³.0².1².0².0²
0001007 0001407 0001517 0002007 0002157 0002507 0010037 0010307 0010547 0010127 0010217 0010453 0010462 0010435 0014107 0014227 0020007 0020117 0011007 0011157 0011207 0011427 0011507 0023047 0023157 0023207 0023337 0023407 0023517 0032547 0032467 0032047 0032307 0024037 0024307 0024457 0024547 0112037 0112107 0112527 0113007 0113147 0113237 0033137 0033536 0033516 0033544 0033553 0034266 0034067 0034201 0034346 0034301 0130037 0134242 0033564 0121311 0002313 0001337 0001237 0034352 0002322 0032247 0002365 0033305 0122062 0112407 1123106 0121232 0002331 0034211 0001147 0002247 0002427 0033457 0134127 0134256 1033165 0123417 0121124 0024107 1033256 0134050 0130217
=== @ end | mc: ⟨cycle:1639@013401⟩ === 
--- seed:3 ---
[-3-][*17*][   0m3s.552][lvl:86][uc:1704] §⁶⁹.0¹.0¹.0³.0³.0³.0³.0³.0².1².0².0².0².0².0¹.1².0¹.0²
0001007 0001407 0001517 0002007 0002157 0002507 0010037 0010307 0010547 0010127 0010217 0010453 0010462 0010435 0014107 0014227 0020007 0020117 0011007 0011157 0011207 0011427 0011507 0023047 0023157 0023207 0023337 0023407 0023517 0032547 0032467 0032047 0032307 0024037 0024307 0024457 0024547 0112037 0112107 0112527 0113007 0113147 0113237 0033137 0033536 0033516 0033544 0033553 0034266 0034067 0034201 0034346 0034301 0130037 0134242 0033564 0121311 0002313 0001337 0001237 0034352 0002322 0032247 0002365 0033305 0122062 0112407 1123106 0121233 0002331 0034211 0001147 0002247 0002407 0033457 0121524 0033057 0122052 0122157 0122566 0123417 0122520 0122542 0122421 0123026 0122350
=== @ end | mc: ⟨cycle:3928@112331⟩ === 
--- seed:4 ---
[-4-][*19*][   0m3s.854][lvl:88][uc:1608] §⁶⁹.0¹.0¹.0³.0³.0³.0³.0³.0³.0³.0².1².0².0².0².0².1².0².0².0²
0001007 0001407 0001517 0002007 0002157 0002507 0010037 0010307 0010547 0010127 0010217 0010453 0010462 0010435 0014107 0014227 0020007 0020117 0011007 0011157 0011207 0011427 0011507 0023047 0023157 0023207 0023337 0023407 0023517 0032547 0032467 0032047 0032307 0024037 0024307 0024457 0024547 0112037 0112107 0112527 0113007 0113147 0113237 0033137 0033536 0033516 0033544 0033553 0034266 0034067 0034201 0034346 0034301 0130037 0134242 0033564 0121311 0002313 0001337 0001237 0034352 0002322 0032247 0002365 0033305 0122062 0112407 1123106 0121234 0002331 0034211 0001147 0002247 0002427 0024247 0033037 0033457 0112227 0123015 0123064 0123051 0024167 0112327 0121017 0121520 0122566 0122542 0122326
=== @ end | mc: ⟨cycle:1368@012233⟩ === 
--- seed:5 ---
[-5-][*27*][   0m4s.768][lvl:96][uc:1356] §⁶⁹.0¹.0¹.0³.0³.0³.0³.1³.1³.1³.0³.1³.1³.0³.0³.0³.0³.1³.0³.0².0².0¹.0¹.0¹.0¹.0².0².0¹
0001007 0001407 0001517 0002007 0002157 0002507 0010037 0010307 0010547 0010127 0010217 0010453 0010462 0010435 0014107 0014227 0020007 0020117 0011007 0011157 0011207 0011427 0011507 0023047 0023157 0023207 0023337 0023407 0023517 0032547 0032467 0032047 0032307 0024037 0024307 0024457 0024547 0112037 0112107 0112527 0113007 0113147 0113237 0033137 0033536 0033516 0033544 0033553 0034266 0034067 0034201 0034346 0034301 0130037 0134242 0033564 0121311 0002313 0001337 0001237 0034352 0002322 0032247 0002365 0033305 0122062 0112407 1123106 0121235 0002331 0034211 0001147 0002227 0002427 0033457 1033165 1033246 1033255 1033460 0134036 1033543 0033037 0122337 0122546 0131547 0130245 0024227 0112256 0112206 0112364 0112343 0112305 0130250 0024137 0112225 1033561
=== @ end | mc: ⟨cycle:3317@103356⟩ === 
--- seed:6 ---
[-6-][*18*][   0m3s.692][lvl:87][uc:1644] §⁶⁹.0¹.0¹.0³.0³.0³.0³.0³.0³.0³.0³.0³.1³.0².0².0².1².1².0¹
0001007 0001407 0001517 0002007 0002157 0002507 0010037 0010307 0010547 0010127 0010217 0010453 0010462 0010435 0014107 0014227 0020007 0020117 0011007 0011157 0011207 0011427 0011507 0023047 0023157 0023207 0023337 0023407 0023517 0032547 0032467 0032047 0032307 0024037 0024307 0024457 0024547 0112037 0112107 0112527 0113007 0113147 0113237 0033137 0033536 0033516 0033544 0033553 0034266 0034067 0034201 0034346 0034301 0130037 0134242 0033564 0121311 0002313 0001337 0001237 0034352 0002322 0032247 0002365 0033305 0122062 0112407 1123106 0121236 0002331 0034211 0001147 0002247 0002427 0024247 0033437 0112257 0033017 0112327 0121265 1033165 1033560 1033246 0121210 0121405 0130225 0130240
=== @ end | mc: ⟨cycle:1484@013020⟩ === 
--- seed:7 ---
[-7-][*19*][   0m3s.711][lvl:88][uc:1596] §⁶⁹.0¹.0¹.0².0².0².0³.0³.0³.0³.0³.0³.0³.0².0².0².0³.0³.0².0²
0001007 0001407 0001517 0002007 0002157 0002507 0010037 0010307 0010547 0010127 0010217 0010453 0010462 0010435 0014107 0014227 0020007 0020117 0011007 0011157 0011207 0011427 0011507 0023047 0023157 0023207 0023337 0023407 0023517 0032547 0032467 0032047 0032307 0024037 0024307 0024457 0024547 0112037 0112107 0112527 0113007 0113147 0113237 0033137 0033536 0033516 0033544 0033553 0034266 0034067 0034201 0034346 0034301 0130037 0134242 0033564 0121311 0002313 0001337 0001237 0034352 0002322 0032247 0002365 0033305 0122062 0112407 1123106 0121237 0002331 0034211 0001157 0002427 0002227 0032157 0033457 0122157 0123417 0121167 0121017 0122523 0121527 0122560 0123007 0033047 0122013 0122427 0122045
=== @ end | mc: ⟨cycle:1347@012203⟩ === 


--- seed:0 ---
[-0-][*23*][   0m3s.921][lvl:95][uc:1344] §⁷².0¹.0².0².0².0³.0¹.0².0³.0².0².0².0².0².1³.0³.0².0³.0³.0³.1³.0³.1³.0¹
0001007 0001407 0001517 0002007 0002157 0002507 0010037 0010307 0010547 0010127 0010217 0010453 0010462 0010435 0014107 0014227 0020007 0020117 0011007 0011157 0011207 0011427 0011507 0023047 0023157 0023207 0023337 0023407 0023517 0032467 0032047 0032307 0024037 0024307 0024457 0024547 0112037 0112527 0113007 0113147 0113237 0033137 0033536 0033516 0033544 0034346 0130037 0121311 0002313 0001337 0001237 0034352 0002322 0032247 0112407 1123106 0121235 0002331 0001147 0002227 0002427 0134036 0033037 0122337 0122546 0131547 0130245 0112256 0112206 0112364 0130250 1033560 0112107 0112216 0112225 0131417 0024207 0112343 0024137 0032157 0131137 0131007 0131207 0130327 0224563 0002365 0032537 0121557 0033564 0034047 0034207 0002304 0033555 0034301 0034311
=== @ end | mc: ⟨cycle:820@003431⟩ === 
--- seed:1 ---
[-1-][*26*][   0m4s.258][lvl:98][uc:1260] §⁷².0².0².0².0².0³.0¹.0².0³.0².0².0².0².0².1³.0³.0³.0³.0³.0³.0².0³.0².0².0².0¹.0²
0001007 0001407 0001517 0002007 0002157 0002507 0010037 0010307 0010547 0010127 0010217 0010453 0010462 0010435 0014107 0014227 0020007 0020117 0011007 0011157 0011207 0011427 0011507 0023047 0023157 0023207 0023337 0023407 0023517 0032467 0032047 0032307 0024037 0024307 0024457 0024547 0112037 0112527 0113007 0113147 0113237 0033137 0033536 0033516 0033544 0034346 0130037 0121311 0002313 0001337 0001237 0034352 0002322 0032247 0112407 1123106 0121235 0002331 0001147 0002227 0002427 0134036 0033037 0122337 0122546 0131547 0130245 0112256 0112206 0112364 0130250 1033561 0112107 0112216 0112225 0131417 0024207 0112343 0024137 0032157 0131137 0131007 0131207 0130327 0224563 0002365 0032537 0034047 0121547 0121417 0121264 0123024 0033447 0123046 0123006 0002304 1033002 0033564
=== @ end | mc: ⟨cycle:819@003430⟩ === 
--- seed:2 ---
[-2-][*12*][   0m2s.484][lvl:84][uc:1788] §⁷².0².0².0².0².0².0².0².0¹.0¹.0².0¹.0¹
0001007 0001407 0001517 0002007 0002157 0002507 0010037 0010307 0010547 0010127 0010217 0010453 0010462 0010435 0014107 0014227 0020007 0020117 0011007 0011157 0011207 0011427 0011507 0023047 0023157 0023207 0023337 0023407 0023517 0032467 0032047 0032307 0024037 0024307 0024457 0024547 0112037 0112527 0113007 0113147 0113237 0033137 0033536 0033516 0033544 0034346 0130037 0121311 0002313 0001337 0001237 0034352 0002322 0032247 0112407 1123106 0121235 0002331 0001147 0002227 0002427 0134036 0033037 0122337 0122546 0131547 0130245 0112256 0112206 0112364 0130250 1033562 0112107 0112216 0112225 0131417 0224562 0131136 0131151 0131162 0032154 0024217 0032123 0032134
=== @ end | mc: ⟨cycle:722@003211⟩ === 
--- seed:3 ---
[-3-][*8*][   0m1s.845][lvl:80][uc:1890] §⁷².0².0².0².0².0².0³.0³.0¹
0001007 0001407 0001517 0002007 0002157 0002507 0010037 0010307 0010547 0010127 0010217 0010453 0010462 0010435 0014107 0014227 0020007 0020117 0011007 0011157 0011207 0011427 0011507 0023047 0023157 0023207 0023337 0023407 0023517 0032467 0032047 0032307 0024037 0024307 0024457 0024547 0112037 0112527 0113007 0113147 0113237 0033137 0033536 0033516 0033544 0034346 0130037 0121311 0002313 0001337 0001237 0034352 0002322 0032247 0112407 1123106 0121235 0002331 0001147 0002227 0002427 0134036 0033037 0122337 0122546 0131547 0130245 0112256 0112206 0112364 0130250 1033563 0112107 0112216 0024205 0112225 0131417 0024134 0024153 0130321
=== @ end | mc: ⟨cycle:1493@013032⟩ === 
--- seed:4 ---
[-4-][*22*][   0m3s.820][lvl:94][uc:1386] §⁷².0².0².0².0².0³.0¹.0².0³.0².0².0².0².0².1³.0³.0³.0³.0³.0³.1³.1³.0¹
0001007 0001407 0001517 0002007 0002157 0002507 0010037 0010307 0010547 0010127 0010217 0010453 0010462 0010435 0014107 0014227 0020007 0020117 0011007 0011157 0011207 0011427 0011507 0023047 0023157 0023207 0023337 0023407 0023517 0032467 0032047 0032307 0024037 0024307 0024457 0024547 0112037 0112527 0113007 0113147 0113237 0033137 0033536 0033516 0033544 0034346 0130037 0121311 0002313 0001337 0001237 0034352 0002322 0032247 0112407 1123106 0121235 0002331 0001147 0002227 0002427 0134036 0033037 0122337 0122546 0131547 0130245 0112256 0112206 0112364 0130250 1033564 0112107 0112216 0112225 0131417 0024207 0112343 0024137 0032157 0131137 0131007 0131207 0130327 0224563 0002365 0032537 0033555 0033564 0034047 0034207 0002304 0034301 0034311
=== @ end | mc: ⟨cycle:820@003431⟩ === 
--- seed:5 ---
[-5-][*29*][   0m4s.609][lvl:99][uc:1194] §⁷².0².0².0².0².0³.0¹.0².0³.0².0².0².0².0².1³.0³.0³.0³.0³.0³.2³.0³.1².0².0².0².0².0²
0001007 0001407 0001517 0002007 0002157 0002507 0010037 0010307 0010547 0010127 0010217 0010453 0010462 0010435 0014107 0014227 0020007 0020117 0011007 0011157 0011207 0011427 0011507 0023047 0023157 0023207 0023337 0023407 0023517 0032467 0032047 0032307 0024037 0024307 0024457 0024547 0112037 0112527 0113007 0113147 0113237 0033137 0033536 0033516 0033544 0034346 0130037 0121311 0002313 0001337 0001237 0034352 0002322 0032247 0112407 1123106 0121235 0002331 0001147 0002227 0002427 0134036 0033037 0122337 0122546 0131547 0130245 0112256 0112206 0112364 0130250 1033565 0112107 0112216 0112225 0131417 0024207 0112343 0024137 0032157 0131137 0131007 0131207 0130327 0224563 0002365 0032537 0034007 0121547 0121417 0121363 0122123 0122457 0122130 0211267 0121137 0122047 0122156 0033427
=== @ end | mc: ⟨cycle:1322@012126⟩ === 
--- seed:6 ---
[-6-][*18*][   0m3s.351][lvl:90][uc:1530] §⁷².0².0².0².0².0³.0¹.0².0³.0².0².0².0².0².1³.0³.0³.0³.1³
0001007 0001407 0001517 0002007 0002157 0002507 0010037 0010307 0010547 0010127 0010217 0010453 0010462 0010435 0014107 0014227 0020007 0020117 0011007 0011157 0011207 0011427 0011507 0023047 0023157 0023207 0023337 0023407 0023517 0032467 0032047 0032307 0024037 0024307 0024457 0024547 0112037 0112527 0113007 0113147 0113237 0033137 0033536 0033516 0033544 0034346 0130037 0121311 0002313 0001337 0001237 0034352 0002322 0032247 0112407 1123106 0121235 0002331 0001147 0002227 0002427 0134036 0033037 0122337 0122546 0131547 0130245 0112256 0112206 0112364 0130250 1033566 0112107 0112216 0112225 0131417 0024207 0112343 0024137 0032157 0131137 0131007 0131207 0130327 0224563 0002365 0032537 0033555 0034047 0034311
=== @ end | mc: ⟨cycle:820@003431⟩ === 
--- seed:7 ---
[-7-][*20*][   0m3s.572][lvl:92][uc:1422] §⁷².0².0².0².0².0³.0².0¹.0³.0².0².0².0².0².1³.0³.0³.0³.0³.1³.0³
0001007 0001407 0001517 0002007 0002157 0002507 0010037 0010307 0010547 0010127 0010217 0010453 0010462 0010435 0014107 0014227 0020007 0020117 0011007 0011157 0011207 0011427 0011507 0023047 0023157 0023207 0023337 0023407 0023517 0032467 0032047 0032307 0024037 0024307 0024457 0024547 0112037 0112527 0113007 0113147 0113237 0033137 0033536 0033516 0033544 0034346 0130037 0121311 0002313 0001337 0001237 0034352 0002322 0032247 0112407 1123106 0121235 0002331 0001147 0002227 0002427 0134036 0033037 0122337 0122546 0131547 0130245 0112256 0112206 0112364 0130250 1033567 0112107 0112216 0112225 0131417 0024137 0024207 0112343 0032157 0131137 0131007 0131207 0130327 0224563 0002365 0032537 0033564 0034047 0034207 0002304 0033457
=== @ end | mc: ⟨cycle:820@003431⟩ === 
=== === ===


--- seed:0 ---
[-0-][*15*][   0m2s.383][lvl:93][uc:1416] §⁷⁸.0².0².0¹.0².0².0².0².0².0².1³.0².0².1².0².0¹
0001007 0001407 0001517 0002007 0002157 0002507 0010037 0010307 0010547 0010127 0010217 0010453 0010462 0010435 0014107 0014227 0020007 0020117 0011007 0011157 0011207 0011427 0011507 0023047 0023157 0023207 0023337 0023407 0023517 0032467 0032047 0032307 0024037 0024307 0024457 0024547 0112037 0112527 0113007 0113147 0113237 0033137 0033536 0033516 0033544 0034346 0130037 0121311 0001337 0001237 0034352 0002322 0032247 0112407 1123106 0002331 0134036 0122337 0122546 0131547 0112256 1033565 0112107 0131417 0112343 0024137 0131137 0131007 0131207 0130327 0224563 0002365 0032537 0034007 0122123 0122457 0122047 0121260 0001147 0112260 0112323 0112216 0112225 0112332 0002427 0002227 0112364 0002310 0033047 0034257 0002304 0034301 0034311
=== @ end | mc: ⟨cycle:820@003431⟩ === 
--- seed:1 ---
[-1-][*20*][   0m2s.928][lvl:98][uc:1230] §⁷⁸.0².0².0².0³.0².0³.0³.0³.0².0².0².0².1³.0².0³.0².0².0².1².0¹
0001007 0001407 0001517 0002007 0002157 0002507 0010037 0010307 0010547 0010127 0010217 0010453 0010462 0010435 0014107 0014227 0020007 0020117 0011007 0011157 0011207 0011427 0011507 0023047 0023157 0023207 0023337 0023407 0023517 0032467 0032047 0032307 0024037 0024307 0024457 0024547 0112037 0112527 0113007 0113147 0113237 0033137 0033536 0033516 0033544 0034346 0130037 0121311 0001337 0001237 0034352 0002322 0032247 0112407 1123106 0002331 0134036 0122337 0122546 0131547 0112256 1033565 0112107 0131417 0112343 0024137 0131137 0131007 0131207 0130327 0224563 0002365 0032537 0034007 0122123 0122457 0122047 0121261 0001147 0112327 0112200 0002247 0032157 0002427 0002313 0024237 0130247 0112235 0112226 0121407 0033056 0123051 0033033 0002301 0033202 0121507 0122502 0122510
 === @ end | mc: ⟨cycle:1385@012256⟩ === 
--- seed:2 ---
[-2-][*17*][   0m2s.590][lvl:95][uc:1290] §⁷⁸.0¹.0².0².0².0².0².0³.0³.0².0³.0³.0³.0².0³.0².1².0²
0001007 0001407 0001517 0002007 0002157 0002507 0010037 0010307 0010547 0010127 0010217 0010453 0010462 0010435 0014107 0014227 0020007 0020117 0011007 0011157 0011207 0011427 0011507 0023047 0023157 0023207 0023337 0023407 0023517 0032467 0032047 0032307 0024037 0024307 0024457 0024547 0112037 0112527 0113007 0113147 0113237 0033137 0033536 0033516 0033544 0034346 0130037 0121311 0001337 0001237 0034352 0002322 0032247 0112407 1123106 0002331 0134036 0122337 0122546 0131547 0112256 1033565 0112107 0131417 0112343 0024137 0131137 0131007 0131207 0130327 0224563 0002365 0032537 0034007 0122123 0122457 0122047 0121262 0112323 0001147 0112200 0112332 0002427 0002227 0002313 0032157 0033067 0112225 0121417 0121360 0121557 0121167 0122550 0122501 0122511
 === @ end | mc: ⟨cycle:1381@012252⟩ === 
--- seed:3 ---
[-3-][*14*][   0m2s.307][lvl:92][uc:1446] §⁷⁸.0².0².0¹.0².0².0².0².0².0².0³.0³.0².0².0²
0001007 0001407 0001517 0002007 0002157 0002507 0010037 0010307 0010547 0010127 0010217 0010453 0010462 0010435 0014107 0014227 0020007 0020117 0011007 0011157 0011207 0011427 0011507 0023047 0023157 0023207 0023337 0023407 0023517 0032467 0032047 0032307 0024037 0024307 0024457 0024547 0112037 0112527 0113007 0113147 0113237 0033137 0033536 0033516 0033544 0034346 0130037 0121311 0001337 0001237 0034352 0002322 0032247 0112407 1123106 0002331 0134036 0122337 0122546 0131547 0112256 1033565 0112107 0131417 0112343 0024137 0131137 0131007 0131207 0130327 0224563 0002365 0032537 0034007 0122123 0122457 0122047 0121263 0001147 0112260 0112323 0112216 0112225 0112332 0002427 0002227 0112364 0002313 0024207 0130252 0131307 0134000
 === @ end | mc: ⟨cycle:1656@013424⟩ === 
--- seed:4 ---
[-4-][*2*][   0m0s.549][lvl:80][uc:1806] §⁷⁸.0².0²
0001007 0001407 0001517 0002007 0002157 0002507 0010037 0010307 0010547 0010127 0010217 0010453 0010462 0010435 0014107 0014227 0020007 0020117 0011007 0011157 0011207 0011427 0011507 0023047 0023157 0023207 0023337 0023407 0023517 0032467 0032047 0032307 0024037 0024307 0024457 0024547 0112037 0112527 0113007 0113147 0113237 0033137 0033536 0033516 0033544 0034346 0130037 0121311 0001337 0001237 0034352 0002322 0032247 0112407 1123106 0002331 0134036 0122337 0122546 0131547 0112256 1033565 0112107 0131417 0112343 0024137 0131137 0131007 0131207 0130327 0224563 0002365 0032537 0034007 0122123 0122457 0122047 0121264 0001147 0112327
 === @ end | mc: ⟨cycle:1154@011226⟩ === 
--- seed:5 ---
[-5-][*12*][    0m2s.34][lvl:89][uc:1506] §⁷⁸.0².0².0¹.0².0³.0².1².0².0³.0³.0²
0001007 0001407 0001517 0002007 0002157 0002507 0010037 0010307 0010547 0010127 0010217 0010453 0010462 0010435 0014107 0014227 0020007 0020117 0011007 0011157 0011207 0011427 0011507 0023047 0023157 0023207 0023337 0023407 0023517 0032467 0032047 0032307 0024037 0024307 0024457 0024547 0112037 0112527 0113007 0113147 0113237 0033137 0033536 0033516 0033544 0034346 0130037 0121311 0001337 0001237 0034352 0002322 0032247 0112407 1123106 0002331 0134036 0122337 0122546 0131547 0112256 1033565 0112107 0131417 0112343 0024137 0131137 0131007 0131207 0130327 0224563 0002365 0032537 0034007 0122123 0122457 0122047 0121265 0001147 0112327 0112262 0112200 0002247 0032157 0122131 0002437 0002313 0024237 0130247
 === @ end | mc: ⟨cycle:1151@011223⟩ === 
--- seed:6 ---
[-6-][*19*][   0m2s.835][lvl:97][uc:1284] §⁷⁸.0².0².0¹.0².0³.0².0³.0³.0³.0².0².0².0².1³.0².0³.0¹.0².1²
0001007 0001407 0001517 0002007 0002157 0002507 0010037 0010307 0010547 0010127 0010217 0010453 0010462 0010435 0014107 0014227 0020007 0020117 0011007 0011157 0011207 0011427 0011507 0023047 0023157 0023207 0023337 0023407 0023517 0032467 0032047 0032307 0024037 0024307 0024457 0024547 0112037 0112527 0113007 0113147 0113237 0033137 0033536 0033516 0033544 0034346 0130037 0121311 0001337 0001237 0034352 0002322 0032247 0112407 1123106 0002331 0134036 0122337 0122546 0131547 0112256 1033565 0112107 0131417 0112343 0024137 0131137 0131007 0131207 0130327 0224563 0002365 0032537 0034007 0122123 0122457 0122047 0121266 0001147 0112327 0112262 0112200 0002247 0032157 0002427 0002313 0024237 0130247 0112235 0112226 0121407 0033056 0123051 0033033 0033202 0002301 0122502
 === @ end | mc: ⟨cycle:1385@012256⟩ === 
--- seed:7 ---
[-7-][*11*][   0m1s.844][lvl:89][uc:1554] §⁷⁸.0².0².0².0².0².0¹.0¹.0¹.0¹.0¹.0¹
0001007 0001407 0001517 0002007 0002157 0002507 0010037 0010307 0010547 0010127 0010217 0010453 0010462 0010435 0014107 0014227 0020007 0020117 0011007 0011157 0011207 0011427 0011507 0023047 0023157 0023207 0023337 0023407 0023517 0032467 0032047 0032307 0024037 0024307 0024457 0024547 0112037 0112527 0113007 0113147 0113237 0033137 0033536 0033516 0033544 0034346 0130037 0121311 0001337 0001237 0034352 0002322 0032247 0112407 1123106 0002331 0134036 0122337 0122546 0131547 0112256 1033565 0112107 0131417 0112343 0024137 0131137 0131007 0131207 0130327 0224563 0002365 0032537 0034007 0122123 0122457 0122047 0121267 0001147 0002427 0002227 0032157 0112206 0112323 0112226 0112303 0112332 0024223 0024252
 === @ end | mc: ⟨cycle:607@002425⟩ === 
