[     0m0s.1][lvl:0] 
columns: 

-------------------------

[   0m4s.675][lvl:1] 0⁹⁵
columns: 0002504

-------------------------

[  0m10s.633][lvl:2] 0⁹⁵.0⁸⁶
columns: 0002504 0002002

-------------------------

[  0m16s.698][lvl:3] 0⁹⁵.0⁸⁶.0⁷⁶
columns: 0002504 0002002 0002404

-------------------------

[  0m22s.288][lvl:4] 0⁹⁵.0⁸⁶.0⁷⁶.0⁷¹
columns: 0002504 0002002 0002404 0010101

-------------------------

[  0m26s.737][lvl:5] 0⁹⁵.0⁸⁶.0⁷⁶.0⁷¹.0⁶³
columns: 0002504 0002002 0002404 0010101 0001201

-------------------------

[  0m32s.614][lvl:6] 0⁹⁵.0⁸⁶.0⁷⁶.0⁷¹.0⁶³.0⁵⁸
columns: 0002504 0002002 0002404 0010101 0001201 0010403

-------------------------

[  0m37s.234][lvl:7] 0⁹⁵.0⁸⁶.0⁷⁶.0⁷¹.0⁶³.0⁵⁸.0⁵¹
columns: 0002504 0002002 0002404 0010101 0001201 0010403 0034300

-------------------------

[  0m42s.907][lvl:8] 0⁹⁵.0⁸⁶.0⁷⁶.0⁷¹.0⁶³.0⁵⁸.0⁵¹.0⁴⁶
columns: 0002504 0002002 0002404 0010101 0001201 0010403 0034300 0023404

-------------------------

[  0m46s.486][lvl:9] 0⁹⁵.0⁸⁶.0⁷⁶.0⁷¹.0⁶³.0⁵⁸.0⁵¹.0⁴⁶.0⁴²
columns: 0002504 0002002 0002404 0010101 0001201 0010403 0034300 0023404 0122501

-------------------------

[  0m50s.456][lvl:10] 0⁹⁵.0⁸⁶.0⁷⁶.0⁷¹.0⁶³.0⁵⁸.0⁵¹.0⁴⁶.0⁴².0³⁹
columns: 0002504 0002002 0002404 0010101 0001201 0010403 0034300 0023404 0122501 0024504

-------------------------

[  0m53s.318][lvl:11] 0⁹⁵.0⁸⁶.0⁷⁶.0⁷¹.0⁶³.0⁵⁸.0⁵¹.0⁴⁶.0⁴².0³⁹.0³⁰
columns: 0002504 0002002 0002404 0010101 0001201 0010403 0034300 0023404 0122501 0024504 0010304

-------------------------

[  0m55s.124][lvl:12] 0⁹⁵.0⁸⁶.0⁷⁶.0⁷¹.0⁶³.0⁵⁸.0⁵¹.0⁴⁶.0⁴².0³⁹.0³⁰.0²³
columns: 0002504 0002002 0002404 0010101 0001201 0010403 0034300 0023404 0122501 0024504 0010304 0122000

-------------------------

[   0m57s.15][lvl:13] 0⁹⁵.0⁸⁶.0⁷⁶.0⁷¹.0⁶³.0⁵⁸.0⁵¹.0⁴⁶.0⁴².0³⁹.0³⁰.0²³.0¹⁹
columns: 0002504 0002002 0002404 0010101 0001201 0010403 0034300 0023404 0122501 0024504 0010304 0122000 0032501

-------------------------

[  0m59s.678][lvl:14] 0⁹⁵.0⁸⁶.0⁷⁶.0⁷¹.0⁶³.0⁵⁸.0⁵¹.0⁴⁶.0⁴².0³⁹.0³⁰.0²³.0¹⁹.0¹⁶
columns: 0002504 0002002 0002404 0010101 0001201 0010403 0034300 0023404 0122501 0024504 0010304 0122000 0032501 0024304

-------------------------

[   1m1s.790][lvl:15] 0⁹⁵.0⁸⁶.0⁷⁶.0⁷¹.0⁶³.0⁵⁸.0⁵¹.0⁴⁶.0⁴².0³⁹.0³⁰.0²³.0¹⁹.0¹⁶.0⁷
columns: 0002504 0002002 0002404 0010101 0001201 0010403 0034300 0023404 0122501 0024504 0010304 0122000 0032501 0024304 0011100

-------------------------

[   1m2s.123][lvl:16] 0⁹⁵.0⁸⁶.0⁷⁶.0⁷¹.0⁶³.0⁵⁸.0⁵¹.0⁴⁶.0⁴².0³⁹.0³⁰.0²³.0¹⁹.0¹⁶.0⁷.0⁴
columns: 0002504 0002002 0002404 0010101 0001201 0010403 0034300 0023404 0122501 0024504 0010304 0122000 0032501 0024304 0011100 0131001

-------------------------

[   1m2s.318][lvl:17] 0⁹⁵.0⁸⁶.0⁷⁶.0⁷¹.0⁶³.0⁵⁸.0⁵¹.0⁴⁶.0⁴².0³⁹.0³⁰.0²³.0¹⁹.0¹⁶.0⁷.0⁴.0³
columns: 0002504 0002002 0002404 0010101 0001201 0010403 0034300 0023404 0122501 0024504 0010304 0122000 0032501 0024304 0011100 0131001 0134201

-------------------------

[   1m2s.621][lvl:18] 0⁹⁵.0⁸⁶.0⁷⁶.0⁷¹.0⁶³.0⁵⁸.0⁵¹.0⁴⁶.0⁴².0³⁹.0³⁰.0²³.0¹⁹.0¹⁶.0⁷.0⁴.0³.0²
columns: 0002504 0002002 0002404 0010101 0001201 0010403 0034300 0023404 0122501 0024504 0010304 0122000 0032501 0024304 0011100 0131001 0134201 0033201

[   1m2s.651][lvl:18] 0⁹⁵.0⁸⁶.0⁷⁶.0⁷¹.0⁶³.0⁵⁸.0⁵¹.0⁴⁶.0⁴².0³⁹.0³⁰.0²³.0¹⁹.0¹⁶.0⁷.0⁴.0³.1²
columns: 0002504 0002002 0002404 0010101 0001201 0010403 0034300 0023404 0122501 0024504 0010304 0122000 0032501 0024304 0011100 0131001 0134201 0121100

[   1m4s.218][lvl:18] 0⁹⁵.0⁸⁶.0⁷⁶.0⁷¹.0⁶³.0⁵⁸.0⁵¹.0⁴⁶.0⁴².0³⁹.0³⁰.0²³.0¹⁹.0¹⁶.1⁷.0⁴.0³.0¹
columns: 0002504 0002002 0002404 0010101 0001201 0010403 0034300 0023404 0122501 0024504 0010304 0122000 0032501 0024304 0131001 0134201 0011303 0121100

[  1m12s.636][lvl:18] 0⁹⁵.0⁸⁶.0⁷⁶.0⁷¹.0⁶³.0⁵⁸.0⁵¹.0⁴⁶.0⁴².0³⁹.0³⁰.0²³.0¹⁹.1¹⁶.0¹².0¹⁰.0⁶.0¹
columns: 0002504 0002002 0002404 0010101 0001201 0010403 0034300 0023404 0122501 0024504 0010304 0122000 0032501 0121100 0131001 0134201 0002200 0011303

[  1m13s.416][lvl:18] 0⁹⁵.0⁸⁶.0⁷⁶.0⁷¹.0⁶³.0⁵⁸.0⁵¹.0⁴⁶.0⁴².0³⁹.0³⁰.0²³.0¹⁹.1¹⁶.0¹².0¹⁰.1⁶.0²
columns: 0002504 0002002 0002404 0010101 0001201 0010403 0034300 0023404 0122501 0024504 0010304 0122000 0032501 0121100 0131001 0134201 0024102 0002101

[  1m13s.518][lvl:18] 0⁹⁵.0⁸⁶.0⁷⁶.0⁷¹.0⁶³.0⁵⁸.0⁵¹.0⁴⁶.0⁴².0³⁹.0³⁰.0²³.0¹⁹.1¹⁶.0¹².0¹⁰.1⁶.1²
columns: 0002504 0002002 0002404 0010101 0001201 0010403 0034300 0023404 0122501 0024504 0010304 0122000 0032501 0121100 0131001 0134201 0024102 0011303

[  1m15s.637][lvl:18] 0⁹⁵.0⁸⁶.0⁷⁶.0⁷¹.0⁶³.0⁵⁸.0⁵¹.0⁴⁶.0⁴².0³⁹.0³⁰.0²³.0¹⁹.1¹⁶.0¹².1¹⁰.0³.0²
columns: 0002504 0002002 0002404 0010101 0001201 0010403 0034300 0023404 0122501 0024504 0010304 0122000 0032501 0121100 0131001 0002200 0011303 0134200

[  1m15s.679][lvl:18] 0⁹⁵.0⁸⁶.0⁷⁶.0⁷¹.0⁶³.0⁵⁸.0⁵¹.0⁴⁶.0⁴².0³⁹.0³⁰.0²³.0¹⁹.1¹⁶.0¹².1¹⁰.0³.1²
columns: 0002504 0002002 0002404 0010101 0001201 0010403 0034300 0023404 0122501 0024504 0010304 0122000 0032501 0121100 0131001 0002200 0011303 0134404

[  1m17s.687][lvl:18] 0⁹⁵.0⁸⁶.0⁷⁶.0⁷¹.0⁶³.0⁵⁸.0⁵¹.0⁴⁶.0⁴².0³⁹.0³⁰.0²³.0¹⁹.1¹⁶.0¹².2¹⁰.0⁴.0¹
columns: 0002504 0002002 0002404 0010101 0001201 0010403 0034300 0023404 0122501 0024504 0010304 0122000 0032501 0121100 0131001 0024102 0002101 0134200

[  1m18s.118][lvl:18] 0⁹⁵.0⁸⁶.0⁷⁶.0⁷¹.0⁶³.0⁵⁸.0⁵¹.0⁴⁶.0⁴².0³⁹.0³⁰.0²³.0¹⁹.1¹⁶.0¹².2¹⁰.1⁴.0¹
columns: 0002504 0002002 0002404 0010101 0001201 0010403 0034300 0023404 0122501 0024504 0010304 0122000 0032501 0121100 0131001 0024102 0134200 0011303

[   2m58s.51][lvl:18] 0⁹⁵.0⁸⁶.0⁷⁶.0⁷¹.0⁶³.0⁵⁸.0⁵¹.0⁴⁶.0⁴².0³⁹.0³⁰.0²³.1¹⁹.0⁸.0⁵.0⁴.0³.0¹
columns: 0002504 0002002 0002404 0010101 0001201 0010403 0034300 0023404 0122501 0024504 0010304 0122000 0024304 0011100 0131001 0134201 0033201 0033504

[   3m9s.752][lvl:18] 0⁹⁵.0⁸⁶.0⁷⁶.0⁷¹.0⁶³.0⁵⁸.0⁵¹.0⁴⁶.0⁴².0³⁹.0³⁰.0²³.2¹⁹.0¹⁴.0⁹.0⁷.0⁵.0³
columns: 0002504 0002002 0002404 0010101 0001201 0010403 0034300 0023404 0122501 0024504 0010304 0122000 0121304 0002200 0131001 0011303 0121100 0134201

[   3m9s.824][lvl:18] 0⁹⁵.0⁸⁶.0⁷⁶.0⁷¹.0⁶³.0⁵⁸.0⁵¹.0⁴⁶.0⁴².0³⁹.0³⁰.0²³.2¹⁹.0¹⁴.0⁹.0⁷.0⁵.1³
columns: 0002504 0002002 0002404 0010101 0001201 0010403 0034300 0023404 0122501 0024504 0010304 0122000 0121304 0002200 0131001 0011303 0121100 0134200

[   3m9s.855][lvl:18] 0⁹⁵.0⁸⁶.0⁷⁶.0⁷¹.0⁶³.0⁵⁸.0⁵¹.0⁴⁶.0⁴².0³⁹.0³⁰.0²³.2¹⁹.0¹⁴.0⁹.0⁷.0⁵.2³
columns: 0002504 0002002 0002404 0010101 0001201 0010403 0034300 0023404 0122501 0024504 0010304 0122000 0121304 0002200 0131001 0011303 0121100 0134404

[  5m19s.457][lvl:18] 0⁹⁵.0⁸⁶.0⁷⁶.0⁷¹.0⁶³.0⁵⁸.0⁵¹.0⁴⁶.0⁴².0³⁹.0³⁰.1²³.0¹⁹.0¹⁴.1⁸.0⁵.0⁴.0¹
columns: 0002504 0002002 0002404 0010101 0001201 0010403 0034300 0023404 0122501 0024504 0010304 0023503 0134201 0024304 0033504 0131001 0033201 0011100

[  5m24s.394][lvl:18] 0⁹⁵.0⁸⁶.0⁷⁶.0⁷¹.0⁶³.0⁵⁸.0⁵¹.0⁴⁶.0⁴².0³⁹.0³⁰.1²³.0¹⁹.1¹⁴.0¹¹.0⁸.0⁴.0²
columns: 0002504 0002002 0002404 0010101 0001201 0010403 0034300 0023404 0122501 0024504 0010304 0023503 0134201 0131001 0033504 0033201 0033003 0011100

[  5m24s.432][lvl:18] 0⁹⁵.0⁸⁶.0⁷⁶.0⁷¹.0⁶³.0⁵⁸.0⁵¹.0⁴⁶.0⁴².0³⁹.0³⁰.1²³.0¹⁹.1¹⁴.0¹¹.0⁸.0⁴.1²
columns: 0002504 0002002 0002404 0010101 0001201 0010403 0034300 0023404 0122501 0024504 0010304 0023503 0134201 0131001 0033504 0033201 0033003 0024200

[  5m30s.405][lvl:18] 0⁹⁵.0⁸⁶.0⁷⁶.0⁷¹.0⁶³.0⁵⁸.0⁵¹.0⁴⁶.0⁴².0³⁹.0³⁰.1²³.0¹⁹.1¹⁴.2¹¹.0⁸.1⁵.0¹
columns: 0002504 0002002 0002404 0010101 0001201 0010403 0034300 0023404 0122501 0024504 0010304 0023503 0134201 0131001 0121100 0121304 0011204 0024200

[   6m5s.867][lvl:18] 0⁹⁵.0⁸⁶.0⁷⁶.0⁷¹.0⁶³.0⁵⁸.0⁵¹.0⁴⁶.0⁴².0³⁹.0³⁰.1²³.1¹⁹.1¹⁶.0¹⁰.1⁶.0³.0¹
columns: 0002504 0002002 0002404 0010101 0001201 0010403 0034300 0023404 0122501 0024504 0010304 0023503 0131001 0033201 0134404 0011100 0033504 0033003

[  6m18s.104][lvl:18] 0⁹⁵.0⁸⁶.0⁷⁶.0⁷¹.0⁶³.0⁵⁸.0⁵¹.0⁴⁶.0⁴².0³⁹.0³⁰.1²³.1¹⁹.2¹⁶.1¹⁰.0⁷.0⁵.0¹
columns: 0002504 0002002 0002404 0010101 0001201 0010403 0034300 0023404 0122501 0024504 0010304 0023503 0131001 0134404 0121100 0121304 0002200 0011303

[ 15m33s.621][lvl:18] 0⁹⁵.0⁸⁶.0⁷⁶.0⁷¹.0⁶³.0⁵⁸.0⁵¹.0⁴⁶.0⁴².0³⁹.1³⁰.0²⁵.0²¹.0¹⁰.0⁶.0⁴.0³.0²
columns: 0002504 0002002 0002404 0010101 0001201 0010403 0034300 0023404 0122501 0024504 0023504 0032501 0024304 0011100 0122000 0121100 0131001 0131304

-------------------------

[ 15m33s.656][lvl:19] 0⁹⁵.0⁸⁶.0⁷⁶.0⁷¹.0⁶³.0⁵⁸.0⁵¹.0⁴⁶.0⁴².0³⁹.1³⁰.0²⁵.0²¹.0¹⁰.0⁶.0⁴.0³.0².0¹
columns: 0002504 0002002 0002404 0010101 0001201 0010403 0034300 0023404 0122501 0024504 0023504 0032501 0024304 0011100 0122000 0121100 0131001 0131304 0134201

[ 15m39s.542][lvl:19] 0⁹⁵.0⁸⁶.0⁷⁶.0⁷¹.0⁶³.0⁵⁸.0⁵¹.0⁴⁶.0⁴².0³⁹.1³⁰.0²⁵.0²¹.1¹⁰.0⁶.0⁵.0³.0².0¹
columns: 0002504 0002002 0002404 0010101 0001201 0010403 0034300 0023404 0122501 0024504 0023504 0032501 0024304 0011303 0121100 0131001 0122000 0131304 0134201

[  16m4s.633][lvl:19] 0⁹⁵.0⁸⁶.0⁷⁶.0⁷¹.0⁶³.0⁵⁸.0⁵¹.0⁴⁶.0⁴².0³⁹.1³⁰.0²⁵.1²¹.0¹⁷.0¹⁵.0¹².0⁹.0⁷.0²
columns: 0002504 0002002 0002404 0010101 0001201 0010403 0034300 0023404 0122501 0024504 0023504 0032501 0121100 0122000 0131001 0131304 0134201 0002101 0024102

[  16m4s.762][lvl:19] 0⁹⁵.0⁸⁶.0⁷⁶.0⁷¹.0⁶³.0⁵⁸.0⁵¹.0⁴⁶.0⁴².0³⁹.1³⁰.0²⁵.1²¹.0¹⁷.0¹⁵.0¹².0⁹.0⁷.1²
columns: 0002504 0002002 0002404 0010101 0001201 0010403 0034300 0023404 0122501 0024504 0023504 0032501 0121100 0122000 0131001 0131304 0134201 0002101 0033003

[  16m6s.608][lvl:19] 0⁹⁵.0⁸⁶.0⁷⁶.0⁷¹.0⁶³.0⁵⁸.0⁵¹.0⁴⁶.0⁴².0³⁹.1³⁰.0²⁵.1²¹.0¹⁷.0¹⁵.0¹².0⁹.1⁷.0¹
columns: 0002504 0002002 0002404 0010101 0001201 0010403 0034300 0023404 0122501 0024504 0023504 0032501 0121100 0122000 0131001 0131304 0134201 0002200 0011303

[  16m6s.983][lvl:19] 0⁹⁵.0⁸⁶.0⁷⁶.0⁷¹.0⁶³.0⁵⁸.0⁵¹.0⁴⁶.0⁴².0³⁹.1³⁰.0²⁵.1²¹.0¹⁷.0¹⁵.0¹².0⁹.2⁷.0¹
columns: 0002504 0002002 0002404 0010101 0001201 0010403 0034300 0023404 0122501 0024504 0023504 0032501 0121100 0122000 0131001 0131304 0134201 0024102 0011303

[  16m7s.532][lvl:19] 0⁹⁵.0⁸⁶.0⁷⁶.0⁷¹.0⁶³.0⁵⁸.0⁵¹.0⁴⁶.0⁴².0³⁹.1³⁰.0²⁵.1²¹.0¹⁷.0¹⁵.0¹².0⁹.3⁷.0³
columns: 0002504 0002002 0002404 0010101 0001201 0010403 0034300 0023404 0122501 0024504 0023504 0032501 0121100 0122000 0131001 0131304 0134201 0033003 0011100

[  16m7s.647][lvl:19] 0⁹⁵.0⁸⁶.0⁷⁶.0⁷¹.0⁶³.0⁵⁸.0⁵¹.0⁴⁶.0⁴².0³⁹.1³⁰.0²⁵.1²¹.0¹⁷.0¹⁵.0¹².0⁹.3⁷.1³
columns: 0002504 0002002 0002404 0010101 0001201 0010403 0034300 0023404 0122501 0024504 0023504 0032501 0121100 0122000 0131001 0131304 0134201 0033003 0011303

[  16m7s.706][lvl:19] 0⁹⁵.0⁸⁶.0⁷⁶.0⁷¹.0⁶³.0⁵⁸.0⁵¹.0⁴⁶.0⁴².0³⁹.1³⁰.0²⁵.1²¹.0¹⁷.0¹⁵.0¹².0⁹.3⁷.2³
columns: 0002504 0002002 0002404 0010101 0001201 0010403 0034300 0023404 0122501 0024504 0023504 0032501 0121100 0122000 0131001 0131304 0134201 0033003 0024200

[131m17s.323][lvl:19] 0⁹⁵.0⁸⁶.0⁷⁶.0⁷¹.0⁶³.0⁵⁸.0⁵¹.0⁴⁶.0⁴².1³⁹.0³³.0³⁰.0²⁸.0²¹.0¹⁷.0¹¹.0⁹.0⁴.0¹
columns: 0002504 0002002 0002404 0010101 0001201 0010403 0034300 0023404 0122501 0032501 0121001 0122000 0023504 0010002 0024101 0121100 0134404 0002101 0033003

[ 131m18s.28][lvl:19] 0⁹⁵.0⁸⁶.0⁷⁶.0⁷¹.0⁶³.0⁵⁸.0⁵¹.0⁴⁶.0⁴².1³⁹.0³³.0³⁰.0²⁸.0²¹.0¹⁷.0¹¹.0⁹.1⁴.0¹
columns: 0002504 0002002 0002404 0010101 0001201 0010403 0034300 0023404 0122501 0032501 0121001 0122000 0023504 0010002 0024101 0121100 0134404 0011303 0033003

[ 132m5s.354][lvl:19] 0⁹⁵.0⁸⁶.0⁷⁶.0⁷¹.0⁶³.0⁵⁸.0⁵¹.0⁴⁶.0⁴².1³⁹.0³³.0³⁰.0²⁸.0²¹.1¹⁷.0¹⁴.0¹¹.0⁹.0³
columns: 0002504 0002002 0002404 0010101 0001201 0010403 0034300 0023404 0122501 0032501 0121001 0122000 0023504 0010002 0121100 0134002 0131304 0024304 0011303

[ 132m5s.543][lvl:19] 0⁹⁵.0⁸⁶.0⁷⁶.0⁷¹.0⁶³.0⁵⁸.0⁵¹.0⁴⁶.0⁴².1³⁹.0³³.0³⁰.0²⁸.0²¹.1¹⁷.0¹⁴.0¹¹.0⁹.1³
columns: 0002504 0002002 0002404 0010101 0001201 0010403 0034300 0023404 0122501 0032501 0121001 0122000 0023504 0010002 0121100 0134002 0131304 0024304 0011100

[ 132m5s.680][lvl:19] 0⁹⁵.0⁸⁶.0⁷⁶.0⁷¹.0⁶³.0⁵⁸.0⁵¹.0⁴⁶.0⁴².1³⁹.0³³.0³⁰.0²⁸.0²¹.1¹⁷.0¹⁴.0¹¹.0⁹.2³
columns: 0002504 0002002 0002404 0010101 0001201 0010403 0034300 0023404 0122501 0032501 0121001 0122000 0023504 0010002 0121100 0134002 0131304 0024304 0024201

[ 132m8s.505][lvl:19] 0⁹⁵.0⁸⁶.0⁷⁶.0⁷¹.0⁶³.0⁵⁸.0⁵¹.0⁴⁶.0⁴².1³⁹.0³³.0³⁰.0²⁸.0²¹.1¹⁷.0¹⁴.0¹¹.1⁹.0²
columns: 0002504 0002002 0002404 0010101 0001201 0010403 0034300 0023404 0122501 0032501 0121001 0122000 0023504 0010002 0121100 0134002 0131304 0002200 0024201

[ 132m8s.696][lvl:19] 0⁹⁵.0⁸⁶.0⁷⁶.0⁷¹.0⁶³.0⁵⁸.0⁵¹.0⁴⁶.0⁴².1³⁹.0³³.0³⁰.0²⁸.0²¹.1¹⁷.0¹⁴.0¹¹.1⁹.1²
columns: 0002504 0002002 0002404 0010101 0001201 0010403 0034300 0023404 0122501 0032501 0121001 0122000 0023504 0010002 0121100 0134002 0131304 0002200 0011303

[ 132m9s.304][lvl:19] 0⁹⁵.0⁸⁶.0⁷⁶.0⁷¹.0⁶³.0⁵⁸.0⁵¹.0⁴⁶.0⁴².1³⁹.0³³.0³⁰.0²⁸.0²¹.1¹⁷.0¹⁴.0¹¹.2⁹.0¹
columns: 0002504 0002002 0002404 0010101 0001201 0010403 0034300 0023404 0122501 0032501 0121001 0122000 0023504 0010002 0121100 0134002 0131304 0024201 0024102

[ 132m9s.745][lvl:19] 0⁹⁵.0⁸⁶.0⁷⁶.0⁷¹.0⁶³.0⁵⁸.0⁵¹.0⁴⁶.0⁴².1³⁹.0³³.0³⁰.0²⁸.0²¹.1¹⁷.0¹⁴.0¹¹.3⁹.0²
columns: 0002504 0002002 0002404 0010101 0001201 0010403 0034300 0023404 0122501 0032501 0121001 0122000 0023504 0010002 0121100 0134002 0131304 0011303 0024102

[ 132m9s.899][lvl:19] 0⁹⁵.0⁸⁶.0⁷⁶.0⁷¹.0⁶³.0⁵⁸.0⁵¹.0⁴⁶.0⁴².1³⁹.0³³.0³⁰.0²⁸.0²¹.1¹⁷.0¹⁴.0¹¹.3⁹.1²
columns: 0002504 0002002 0002404 0010101 0001201 0010403 0034300 0023404 0122501 0032501 0121001 0122000 0023504 0010002 0121100 0134002 0131304 0011303 0033003

[132m11s.251][lvl:19] 0⁹⁵.0⁸⁶.0⁷⁶.0⁷¹.0⁶³.0⁵⁸.0⁵¹.0⁴⁶.0⁴².1³⁹.0³³.0³⁰.0²⁸.0²¹.1¹⁷.0¹⁴.0¹¹.4⁹.0¹
columns: 0002504 0002002 0002404 0010101 0001201 0010403 0034300 0023404 0122501 0032501 0121001 0122000 0023504 0010002 0121100 0134002 0131304 0024102 0002101

[132m13s.433][lvl:19] 0⁹⁵.0⁸⁶.0⁷⁶.0⁷¹.0⁶³.0⁵⁸.0⁵¹.0⁴⁶.0⁴².1³⁹.0³³.0³⁰.0²⁸.0²¹.1¹⁷.0¹⁴.0¹¹.5⁹.0³
columns: 0002504 0002002 0002404 0010101 0001201 0010403 0034300 0023404 0122501 0032501 0121001 0122000 0023504 0010002 0121100 0134002 0131304 0033003 0002101

[132m13s.571][lvl:19] 0⁹⁵.0⁸⁶.0⁷⁶.0⁷¹.0⁶³.0⁵⁸.0⁵¹.0⁴⁶.0⁴².1³⁹.0³³.0³⁰.0²⁸.0²¹.1¹⁷.0¹⁴.0¹¹.5⁹.1³
columns: 0002504 0002002 0002404 0010101 0001201 0010403 0034300 0023404 0122501 0032501 0121001 0122000 0023504 0010002 0121100 0134002 0131304 0033003 0011100

[132m13s.624][lvl:19] 0⁹⁵.0⁸⁶.0⁷⁶.0⁷¹.0⁶³.0⁵⁸.0⁵¹.0⁴⁶.0⁴².1³⁹.0³³.0³⁰.0²⁸.0²¹.1¹⁷.0¹⁴.0¹¹.5⁹.2³
columns: 0002504 0002002 0002404 0010101 0001201 0010403 0034300 0023404 0122501 0032501 0121001 0122000 0023504 0010002 0121100 0134002 0131304 0033003 0024200

[132m17s.758][lvl:19] 0⁹⁵.0⁸⁶.0⁷⁶.0⁷¹.0⁶³.0⁵⁸.0⁵¹.0⁴⁶.0⁴².1³⁹.0³³.0³⁰.0²⁸.0²¹.1¹⁷.0¹⁴.1¹¹.0³.0¹
columns: 0002504 0002002 0002404 0010101 0001201 0010403 0034300 0023404 0122501 0032501 0121001 0122000 0023504 0010002 0121100 0134002 0002200 0024201 0134404

[132m18s.196][lvl:19] 0⁹⁵.0⁸⁶.0⁷⁶.0⁷¹.0⁶³.0⁵⁸.0⁵¹.0⁴⁶.0⁴².1³⁹.0³³.0³⁰.0²⁸.0²¹.1¹⁷.0¹⁴.1¹¹.1³.0¹
columns: 0002504 0002002 0002404 0010101 0001201 0010403 0034300 0023404 0122501 0032501 0121001 0122000 0023504 0010002 0121100 0134002 0002200 0134404 0011303

[132m22s.934][lvl:19] 0⁹⁵.0⁸⁶.0⁷⁶.0⁷¹.0⁶³.0⁵⁸.0⁵¹.0⁴⁶.0⁴².1³⁹.0³³.0³⁰.0²⁸.0²¹.1¹⁷.0¹⁴.3¹¹.0³.0¹
columns: 0002504 0002002 0002404 0010101 0001201 0010403 0034300 0023404 0122501 0032501 0121001 0122000 0023504 0010002 0121100 0134002 0011303 0134404 0033003

[132m24s.755][lvl:19] 0⁹⁵.0⁸⁶.0⁷⁶.0⁷¹.0⁶³.0⁵⁸.0⁵¹.0⁴⁶.0⁴².1³⁹.0³³.0³⁰.0²⁸.0²¹.1¹⁷.0¹⁴.4¹¹.0³.0¹
columns: 0002504 0002002 0002404 0010101 0001201 0010403 0034300 0023404 0122501 0032501 0121001 0122000 0023504 0010002 0121100 0134002 0002101 0134404 0033003

[132m27s.374][lvl:19] 0⁹⁵.0⁸⁶.0⁷⁶.0⁷¹.0⁶³.0⁵⁸.0⁵¹.0⁴⁶.0⁴².1³⁹.0³³.0³⁰.0²⁸.0²¹.1¹⁷.0¹⁴.7¹¹.0³.0¹
columns: 0002504 0002002 0002404 0010101 0001201 0010403 0034300 0023404 0122501 0032501 0121001 0122000 0023504 0010002 0121100 0134002 0033003 0011100 0134404

[ 135m25s.89][lvl:19] 0⁹⁵.0⁸⁶.0⁷⁶.0⁷¹.0⁶³.0⁵⁸.0⁵¹.0⁴⁶.0⁴².1³⁹.0³³.0³⁰.0²⁸.1²¹.0¹⁴.0¹².0⁸.1³.0¹
columns: 0002504 0002002 0002404 0010101 0001201 0010403 0034300 0023404 0122501 0032501 0121001 0122000 0023504 0024101 0121100 0024503 0134404 0011303 0033003

[ 137m8s.945][lvl:19] 0⁹⁵.0⁸⁶.0⁷⁶.0⁷¹.0⁶³.0⁵⁸.0⁵¹.0⁴⁶.0⁴².1³⁹.0³³.0³⁰.0²⁸.2²¹.0¹⁷.0¹³.0¹¹.0⁸.0¹
columns: 0002504 0002002 0002404 0010101 0001201 0010403 0034300 0023404 0122501 0032501 0121001 0122000 0023504 0121100 0134002 0131304 0024503 0002200 0011303

[137m10s.404][lvl:19] 0⁹⁵.0⁸⁶.0⁷⁶.0⁷¹.0⁶³.0⁵⁸.0⁵¹.0⁴⁶.0⁴².1³⁹.0³³.0³⁰.0²⁸.2²¹.0¹⁷.0¹³.0¹¹.1⁸.0²
columns: 0002504 0002002 0002404 0010101 0001201 0010403 0034300 0023404 0122501 0032501 0121001 0122000 0023504 0121100 0134002 0131304 0024503 0024304 0011303

[137m10s.537][lvl:19] 0⁹⁵.0⁸⁶.0⁷⁶.0⁷¹.0⁶³.0⁵⁸.0⁵¹.0⁴⁶.0⁴².1³⁹.0³³.0³⁰.0²⁸.2²¹.0¹⁷.0¹³.0¹¹.1⁸.1²
columns: 0002504 0002002 0002404 0010101 0001201 0010403 0034300 0023404 0122501 0032501 0121001 0122000 0023504 0121100 0134002 0131304 0024503 0024304 0011100

[137m10s.938][lvl:19] 0⁹⁵.0⁸⁶.0⁷⁶.0⁷¹.0⁶³.0⁵⁸.0⁵¹.0⁴⁶.0⁴².1³⁹.0³³.0³⁰.0²⁸.2²¹.0¹⁷.0¹³.0¹¹.2⁸.0²
columns: 0002504 0002002 0002404 0010101 0001201 0010403 0034300 0023404 0122501 0032501 0121001 0122000 0023504 0121100 0134002 0131304 0024503 0011303 0024102

[ 137m11s.86][lvl:19] 0⁹⁵.0⁸⁶.0⁷⁶.0⁷¹.0⁶³.0⁵⁸.0⁵¹.0⁴⁶.0⁴².1³⁹.0³³.0³⁰.0²⁸.2²¹.0¹⁷.0¹³.0¹¹.2⁸.1²
columns: 0002504 0002002 0002404 0010101 0001201 0010403 0034300 0023404 0122501 0032501 0121001 0122000 0023504 0121100 0134002 0131304 0024503 0011303 0033003

[137m11s.982][lvl:19] 0⁹⁵.0⁸⁶.0⁷⁶.0⁷¹.0⁶³.0⁵⁸.0⁵¹.0⁴⁶.0⁴².1³⁹.0³³.0³⁰.0²⁸.2²¹.0¹⁷.0¹³.0¹¹.3⁸.0¹
columns: 0002504 0002002 0002404 0010101 0001201 0010403 0034300 0023404 0122501 0032501 0121001 0122000 0023504 0121100 0134002 0131304 0024503 0024102 0002101

[137m13s.769][lvl:19] 0⁹⁵.0⁸⁶.0⁷⁶.0⁷¹.0⁶³.0⁵⁸.0⁵¹.0⁴⁶.0⁴².1³⁹.0³³.0³⁰.0²⁸.2²¹.0¹⁷.0¹³.0¹¹.4⁸.0³
columns: 0002504 0002002 0002404 0010101 0001201 0010403 0034300 0023404 0122501 0032501 0121001 0122000 0023504 0121100 0134002 0131304 0024503 0033003 0002101

[137m13s.888][lvl:19] 0⁹⁵.0⁸⁶.0⁷⁶.0⁷¹.0⁶³.0⁵⁸.0⁵¹.0⁴⁶.0⁴².1³⁹.0³³.0³⁰.0²⁸.2²¹.0¹⁷.0¹³.0¹¹.4⁸.1³
columns: 0002504 0002002 0002404 0010101 0001201 0010403 0034300 0023404 0122501 0032501 0121001 0122000 0023504 0121100 0134002 0131304 0024503 0033003 0011100

[137m13s.945][lvl:19] 0⁹⁵.0⁸⁶.0⁷⁶.0⁷¹.0⁶³.0⁵⁸.0⁵¹.0⁴⁶.0⁴².1³⁹.0³³.0³⁰.0²⁸.2²¹.0¹⁷.0¹³.0¹¹.4⁸.2³
columns: 0002504 0002002 0002404 0010101 0001201 0010403 0034300 0023404 0122501 0032501 0121001 0122000 0023504 0121100 0134002 0131304 0024503 0033003 0024200

[137m35s.130][lvl:19] 0⁹⁵.0⁸⁶.0⁷⁶.0⁷¹.0⁶³.0⁵⁸.0⁵¹.0⁴⁶.0⁴².1³⁹.0³³.0³⁰.0²⁸.2²¹.0¹⁷.2¹³.0⁸.0².0¹
columns: 0002504 0002002 0002404 0010101 0001201 0010403 0034300 0023404 0122501 0032501 0121001 0122000 0023504 0121100 0134002 0024503 0002200 0011303 0134404

[ 137m37s.28][lvl:19] 0⁹⁵.0⁸⁶.0⁷⁶.0⁷¹.0⁶³.0⁵⁸.0⁵¹.0⁴⁶.0⁴².1³⁹.0³³.0³⁰.0²⁸.2²¹.0¹⁷.2¹³.1⁸.0⁴.0²
columns: 0002504 0002002 0002404 0010101 0001201 0010403 0034300 0023404 0122501 0032501 0121001 0122000 0023504 0121100 0134002 0024503 0134404 0033003 0011100

[137m37s.144][lvl:19] 0⁹⁵.0⁸⁶.0⁷⁶.0⁷¹.0⁶³.0⁵⁸.0⁵¹.0⁴⁶.0⁴².1³⁹.0³³.0³⁰.0²⁸.2²¹.0¹⁷.2¹³.1⁸.0⁴.1²
columns: 0002504 0002002 0002404 0010101 0001201 0010403 0034300 0023404 0122501 0032501 0121001 0122000 0023504 0121100 0134002 0024503 0134404 0033003 0011303

[143m40s.165][lvl:19] 0⁹⁵.0⁸⁶.0⁷⁶.0⁷¹.0⁶³.0⁵⁸.0⁵¹.0⁴⁶.0⁴².1³⁹.0³³.0³⁰.1²⁸.0²⁴.0²¹.0¹⁷.1¹⁰.0⁴.0²
columns: 0002504 0002002 0002404 0010101 0001201 0010403 0034300 0023404 0122501 0032501 0121001 0122000 0121100 0134002 0010002 0010304 0002200 0011303 0134200

[143m40s.280][lvl:19] 0⁹⁵.0⁸⁶.0⁷⁶.0⁷¹.0⁶³.0⁵⁸.0⁵¹.0⁴⁶.0⁴².1³⁹.0³³.0³⁰.1²⁸.0²⁴.0²¹.0¹⁷.1¹⁰.0⁴.1²
columns: 0002504 0002002 0002404 0010101 0001201 0010403 0034300 0023404 0122501 0032501 0121001 0122000 0121100 0134002 0010002 0010304 0002200 0011303 0134404

[143m40s.747][lvl:19] 0⁹⁵.0⁸⁶.0⁷⁶.0⁷¹.0⁶³.0⁵⁸.0⁵¹.0⁴⁶.0⁴².1³⁹.0³³.0³⁰.1²⁸.0²⁴.0²¹.0¹⁷.1¹⁰.1⁴.0¹
columns: 0002504 0002002 0002404 0010101 0001201 0010403 0034300 0023404 0122501 0032501 0121001 0122000 0121100 0134002 0010002 0010304 0002200 0024201 0134404

[143m41s.652][lvl:19] 0⁹⁵.0⁸⁶.0⁷⁶.0⁷¹.0⁶³.0⁵⁸.0⁵¹.0⁴⁶.0⁴².1³⁹.0³³.0³⁰.1²⁸.0²⁴.0²¹.0¹⁷.2¹⁰.0³.0¹
columns: 0002504 0002002 0002404 0010101 0001201 0010403 0034300 0023404 0122501 0032501 0121001 0122000 0121100 0134002 0010002 0010304 0011303 0024102 0134200

[143m43s.127][lvl:19] 0⁹⁵.0⁸⁶.0⁷⁶.0⁷¹.0⁶³.0⁵⁸.0⁵¹.0⁴⁶.0⁴².1³⁹.0³³.0³⁰.1²⁸.0²⁴.0²¹.0¹⁷.3¹⁰.0³.0¹
columns: 0002504 0002002 0002404 0010101 0001201 0010403 0034300 0023404 0122501 0032501 0121001 0122000 0121100 0134002 0010002 0010304 0002101 0024102 0134200

[ 154m5s.487][lvl:19] 0⁹⁵.0⁸⁶.0⁷⁶.0⁷¹.0⁶³.0⁵⁸.0⁵¹.0⁴⁶.0⁴².1³⁹.0³³.0³⁰.2²⁸.0²².0¹⁸.1¹¹.0⁵.0².0¹
columns: 0002504 0002002 0002404 0010101 0001201 0010403 0034300 0023404 0122501 0032501 0121001 0122000 0134002 0010002 0010304 0002200 0024201 0033201 0134404

[179m45s.911][lvl:19] 0⁹⁵.0⁸⁶.0⁷⁶.0⁷¹.0⁶³.0⁵⁸.0⁵¹.0⁴⁶.0⁴².1³⁹.0³³.1³⁰.0²³.0¹⁹.1¹³.3¹⁰.1⁵.0².0¹
columns: 0002504 0002002 0002404 0010101 0001201 0010403 0034300 0023404 0122501 0032501 0121001 0023504 0010002 0024101 0121100 0033003 0002101 0113101 0134002

[179m47s.567][lvl:19] 0⁹⁵.0⁸⁶.0⁷⁶.0⁷¹.0⁶³.0⁵⁸.0⁵¹.0⁴⁶.0⁴².1³⁹.0³³.1³⁰.0²³.0¹⁹.1¹³.3¹⁰.2⁵.0².0¹
columns: 0002504 0002002 0002404 0010101 0001201 0010403 0034300 0023404 0122501 0032501 0121001 0023504 0010002 0024101 0121100 0033003 0011303 0113101 0134002

[ 188m1s.355][lvl:19] 0⁹⁵.0⁸⁶.0⁷⁶.0⁷¹.0⁶³.0⁵⁸.0⁵¹.0⁴⁶.0⁴².1³⁹.0³³.1³⁰.1²³.2¹⁶.0¹².0⁹.1⁶.0².0¹
columns: 0002504 0002002 0002404 0010101 0001201 0010403 0034300 0023404 0122501 0032501 0121001 0023504 0024101 0121100 0024503 0033003 0002101 0113101 0134002

[ 188m3s.910][lvl:19] 0⁹⁵.0⁸⁶.0⁷⁶.0⁷¹.0⁶³.0⁵⁸.0⁵¹.0⁴⁶.0⁴².1³⁹.0³³.1³⁰.1²³.2¹⁶.0¹².0⁹.2⁶.1³.0¹
columns: 0002504 0002002 0002404 0010101 0001201 0010403 0034300 0023404 0122501 0032501 0121001 0023504 0024101 0121100 0024503 0033003 0011303 0113101 0134002

[403m49s.638][lvl:19] 0⁹⁵.0⁸⁶.0⁷⁶.0⁷¹.0⁶³.0⁵⁸.0⁵¹.0⁴⁶.0⁴².2³⁹.0³⁴.0³².0²⁴.0¹⁷.1¹³.0⁷.0⁵.0³.0¹
columns: 0002504 0002002 0002404 0010101 0001201 0010403 0034300 0023404 0122501 0121001 0122000 0121304 0023504 0010002 0002200 0011303 0121100 0134002 0134404

[403m54s.628][lvl:19] 0⁹⁵.0⁸⁶.0⁷⁶.0⁷¹.0⁶³.0⁵⁸.0⁵¹.0⁴⁶.0⁴².2³⁹.0³⁴.0³².0²⁴.0¹⁷.1¹³.1⁷.0⁴.0².0¹
columns: 0002504 0002002 0002404 0010101 0001201 0010403 0034300 0023404 0122501 0121001 0122000 0121304 0023504 0010002 0002200 0024201 0121100 0134002 0134404

[406m32s.956][lvl:19] 0⁹⁵.0⁸⁶.0⁷⁶.0⁷¹.0⁶³.0⁵⁸.0⁵¹.0⁴⁶.0⁴².2³⁹.0³⁴.0³².0²⁴.3¹⁷.0⁸.0⁶.0⁴.0².0¹
columns: 0002504 0002002 0002404 0010101 0001201 0010403 0034300 0023404 0122501 0121001 0122000 0121304 0023504 0002200 0011303 0024503 0121100 0134002 0134404

[408m38s.245][lvl:19] 0⁹⁵.0⁸⁶.0⁷⁶.0⁷¹.0⁶³.0⁵⁸.0⁵¹.0⁴⁶.0⁴².2³⁹.0³⁴.0³².1²⁴.0¹⁸.0¹¹.0⁷.0⁴.0³.0²
columns: 0002504 0002002 0002404 0010101 0001201 0010403 0034300 0023404 0122501 0121001 0122000 0121304 0010002 0024201 0002200 0010304 0134002 0134404 0033201

[408m38s.765][lvl:19] 0⁹⁵.0⁸⁶.0⁷⁶.0⁷¹.0⁶³.0⁵⁸.0⁵¹.0⁴⁶.0⁴².2³⁹.0³⁴.0³².1²⁴.0¹⁸.0¹¹.0⁷.0⁴.0³.1²
columns: 0002504 0002002 0002404 0010101 0001201 0010403 0034300 0023404 0122501 0121001 0122000 0121304 0010002 0024201 0002200 0010304 0134002 0134404 0121100

[409m47s.689][lvl:19] 0⁹⁵.0⁸⁶.0⁷⁶.0⁷¹.0⁶³.0⁵⁸.0⁵¹.0⁴⁶.0⁴².2³⁹.0³⁴.0³².1²⁴.1¹⁸.0¹⁴.0¹².0⁸.0⁵.0¹
columns: 0002504 0002002 0002404 0010101 0001201 0010403 0034300 0023404 0122501 0121001 0122000 0121304 0010002 0134002 0121100 0134200 0010304 0002200 0011303

[ 410m9s.442][lvl:19] 0⁹⁵.0⁸⁶.0⁷⁶.0⁷¹.0⁶³.0⁵⁸.0⁵¹.0⁴⁶.0⁴².2³⁹.0³⁴.0³².1²⁴.1¹⁸.0¹⁴.1¹².0⁶.0².0¹
columns: 0002504 0002002 0002404 0010101 0001201 0010403 0034300 0023404 0122501 0121001 0122000 0121304 0010002 0134002 0121100 0010304 0002200 0011303 0134404

