[     0m0s.1][lvl:0] 
columns: 

-------------------------

[   0m1s.872][lvl:1] 1⁶⁴
columns: 0001313

-------------------------

[   0m3s.298][lvl:2] 1⁶⁴.0⁵⁸
columns: 0001313 0010510

-------------------------

[   0m4s.560][lvl:3] 1⁶⁴.0⁵⁸.0⁵¹
columns: 0001313 0010510 0001125

-------------------------

[   0m5s.663][lvl:4] 1⁶⁴.0⁵⁸.0⁵¹.0⁴¹
columns: 0001313 0010510 0001125 0001511

-------------------------

[   0m6s.527][lvl:5] 1⁶⁴.0⁵⁸.0⁵¹.0⁴¹.0³⁵
columns: 0001313 0010510 0001125 0001511 0010312

-------------------------

[   0m7s.469][lvl:6] 1⁶⁴.0⁵⁸.0⁵¹.0⁴¹.0³⁵.0²⁶
columns: 0001313 0010510 0001125 0001511 0010312 0002213

-------------------------

[   0m7s.941][lvl:7] 1⁶⁴.0⁵⁸.0⁵¹.0⁴¹.0³⁵.0²⁶.0¹⁹
columns: 0001313 0010510 0001125 0001511 0010312 0002213 0023413

-------------------------

[   0m8s.341][lvl:8] 1⁶⁴.0⁵⁸.0⁵¹.0⁴¹.0³⁵.0²⁶.0¹⁹.0¹⁴
columns: 0001313 0010510 0001125 0001511 0010312 0002213 0023413 0002010

-------------------------

[   0m8s.600][lvl:9] 1⁶⁴.0⁵⁸.0⁵¹.0⁴¹.0³⁵.0²⁶.0¹⁹.0¹⁴.0¹⁰
columns: 0001313 0010510 0001125 0001511 0010312 0002213 0023413 0002010 0011025

-------------------------

[   0m8s.770][lvl:10] 1⁶⁴.0⁵⁸.0⁵¹.0⁴¹.0³⁵.0²⁶.0¹⁹.0¹⁴.0¹⁰.0⁷
columns: 0001313 0010510 0001125 0001511 0010312 0002213 0023413 0002010 0011025 0023513

-------------------------

[   0m8s.915][lvl:11] 1⁶⁴.0⁵⁸.0⁵¹.0⁴¹.0³⁵.0²⁶.0¹⁹.0¹⁴.0¹⁰.0⁷.0⁵
columns: 0001313 0010510 0001125 0001511 0010312 0002213 0023413 0002010 0011025 0023513 0032510

-------------------------

[    0m9s.43][lvl:12] 1⁶⁴.0⁵⁸.0⁵¹.0⁴¹.0³⁵.0²⁶.0¹⁹.0¹⁴.0¹⁰.0⁷.0⁵.0³
columns: 0001313 0010510 0001125 0001511 0010312 0002213 0023413 0002010 0011025 0023513 0032510 0024110

-------------------------

[    0m9s.93][lvl:13] 1⁶⁴.0⁵⁸.0⁵¹.0⁴¹.0³⁵.0²⁶.0¹⁹.0¹⁴.0¹⁰.0⁷.0⁵.0³.0¹
columns: 0001313 0010510 0001125 0001511 0010312 0002213 0023413 0002010 0011025 0023513 0032510 0024110 0134111

[  0m15s.194][lvl:13] 1⁶⁴.0⁵⁸.0⁵¹.0⁴¹.0³⁵.0²⁶.0¹⁹.2¹⁴.0⁸.0⁶.0⁴.0³.0¹
columns: 0001313 0010510 0001125 0001511 0010312 0002213 0023413 0011025 0033012 0023513 0032510 0024110 0134111

[  0m18s.225][lvl:13] 1⁶⁴.0⁵⁸.0⁵¹.0⁴¹.0³⁵.0²⁶.0¹⁹.3¹⁴.0⁹.0⁷.0⁴.0².0¹
columns: 0001313 0010510 0001125 0001511 0010312 0002213 0023413 0033012 0023513 0024110 0134111 0002025 0032510

[  0m22s.898][lvl:13] 1⁶⁴.0⁵⁸.0⁵¹.0⁴¹.0³⁵.0²⁶.1¹⁹.0¹⁵.0¹¹.0⁸.0⁶.0⁴.0¹
columns: 0001313 0010510 0001125 0001511 0010312 0002213 0032411 0033210 0002025 0122213 0023512 0134012 0023210

[  0m24s.919][lvl:13] 1⁶⁴.0⁵⁸.0⁵¹.0⁴¹.0³⁵.0²⁶.1¹⁹.0¹⁵.1¹¹.0⁸.0⁶.0⁴.0¹
columns: 0001313 0010510 0001125 0001511 0010312 0002213 0032411 0033210 0011025 0122213 0023512 0134012 0023210

[  2m24s.145][lvl:13] 1⁶⁴.0⁵⁸.0⁵¹.0⁴¹.1³⁵.0²⁷.0²⁴.1²⁰.0¹³.0⁹.0⁷.1⁴.0¹
columns: 0001313 0010510 0001125 0001511 0002225 0010225 0023413 0033012 0023513 0032510 0134011 0011025 0121125

[   3m57s.64][lvl:13] 1⁶⁴.0⁵⁸.0⁵¹.0⁴¹.2³⁵.0²⁹.0²⁴.0²⁰.0¹⁴.1¹⁰.0⁶.0³.0²
columns: 0001313 0010510 0001125 0001511 0010025 0032411 0010225 0033210 0002025 0002213 0023512 0122213 0134011

[   3m57s.91][lvl:13] 1⁶⁴.0⁵⁸.0⁵¹.0⁴¹.2³⁵.0²⁹.0²⁴.0²⁰.0¹⁴.1¹⁰.0⁶.0³.1²
columns: 0001313 0010510 0001125 0001511 0010025 0032411 0010225 0033210 0002025 0002213 0023512 0122213 0134012

[   4m8s.434][lvl:13] 1⁶⁴.0⁵⁸.0⁵¹.0⁴¹.2³⁵.0²⁹.0²⁴.2²⁰.0¹⁵.0¹¹.0⁶.0³.0¹
columns: 0001313 0010510 0001125 0001511 0010025 0032411 0010225 0023512 0134011 0024012 0033012 0002025 0122213

[   4m9s.140][lvl:13] 1⁶⁴.0⁵⁸.0⁵¹.0⁴¹.2³⁵.0²⁹.0²⁴.2²⁰.0¹⁵.1¹¹.0⁵.0².0¹
columns: 0001313 0010510 0001125 0001511 0010025 0032411 0010225 0023512 0134011 0002213 0002025 0033012 0122213

[  4m15s.255][lvl:13] 1⁶⁴.0⁵⁸.0⁵¹.0⁴¹.2³⁵.0²⁹.0²⁴.3²⁰.0¹³.0⁹.0⁷.0⁴.0¹
columns: 0001313 0010510 0001125 0001511 0010025 0032411 0010225 0032510 0023513 0134011 0002213 0002025 0033012

[  4m21s.637][lvl:13] 1⁶⁴.0⁵⁸.0⁵¹.0⁴¹.2³⁵.0²⁹.1²⁴.0¹⁹.0¹⁴.1¹⁰.0⁶.0⁴.0¹
columns: 0001313 0010510 0001125 0001511 0010025 0032411 0023512 0033210 0011125 0134011 0002025 0002213 0122213

[  4m22s.460][lvl:13] 1⁶⁴.0⁵⁸.0⁵¹.0⁴¹.2³⁵.0²⁹.1²⁴.0¹⁹.0¹⁴.2¹⁰.0⁵.0⁴.0¹
columns: 0001313 0010510 0001125 0001511 0010025 0032411 0023512 0033210 0011125 0002025 0134012 0002213 0122213

[  4m24s.789][lvl:13] 1⁶⁴.0⁵⁸.0⁵¹.0⁴¹.2³⁵.0²⁹.1²⁴.0¹⁹.1¹⁴.1⁹.0⁵.0².0¹
columns: 0001313 0010510 0001125 0001511 0010025 0032411 0023512 0033210 0002025 0134012 0002213 0023210 0122213

[  4m34s.318][lvl:13] 1⁶⁴.0⁵⁸.0⁵¹.0⁴¹.2³⁵.0²⁹.1²⁴.2¹⁹.0¹².0⁹.0⁷.0³.0¹
columns: 0001313 0010510 0001125 0001511 0010025 0032411 0023512 0011125 0024012 0134011 0033012 0002025 0122213

[   4m37s.69][lvl:13] 1⁶⁴.0⁵⁸.0⁵¹.0⁴¹.2³⁵.0²⁹.1²⁴.2¹⁹.1¹².0⁷.0³.0².0¹
columns: 0001313 0010510 0001125 0001511 0010025 0032411 0023512 0011125 0033012 0002025 0002213 0122213 0134011

[  4m47s.798][lvl:13] 1⁶⁴.0⁵⁸.0⁵¹.0⁴¹.2³⁵.0²⁹.2²⁴.0¹⁵.1¹¹.0⁷.0⁵.0⁴.0¹
columns: 0001313 0010510 0001125 0001511 0010025 0032411 0033012 0002025 0002213 0023513 0032510 0011125 0134011

[  4m49s.821][lvl:13] 1⁶⁴.0⁵⁸.0⁵¹.0⁴¹.2³⁵.0²⁹.2²⁴.0¹⁵.2¹¹.0⁶.0⁵.0³.0¹
columns: 0001313 0010510 0001125 0001511 0010025 0032411 0033012 0002025 0011125 0134011 0024012 0023513 0032510

[ 11m33s.680][lvl:13] 1⁶⁴.0⁵⁸.0⁵¹.1⁴¹.0³⁵.2²⁹.0²².0¹⁸.0¹⁴.0¹¹.0⁹.0⁷.0⁵
columns: 0001313 0010510 0001125 0001512 0023513 0010025 0002213 0032411 0033012 0002025 0032312 0122213 0010225

-------------------------

[ 11m33s.757][lvl:14] 1⁶⁴.0⁵⁸.0⁵¹.1⁴¹.0³⁵.2²⁹.0²².0¹⁸.0¹⁴.0¹¹.0⁹.0⁷.0⁵.0¹
columns: 0001313 0010510 0001125 0001512 0023513 0010025 0002213 0032411 0033012 0002025 0032312 0122213 0010225 0134011

[ 11m33s.907][lvl:14] 1⁶⁴.0⁵⁸.0⁵¹.1⁴¹.0³⁵.2²⁹.0²².0¹⁸.0¹⁴.0¹¹.0⁹.0⁷.1⁵.0¹
columns: 0001313 0010510 0001125 0001512 0023513 0010025 0002213 0032411 0033012 0002025 0032312 0122213 0011125 0134011

[ 18m25s.760][lvl:14] 1⁶⁴.0⁵⁸.0⁵¹.1⁴¹.2³⁵.1²⁸.0²¹.0¹⁸.0¹⁶.0¹⁵.0⁹.0⁷.0⁵.0¹
columns: 0001313 0010510 0001125 0001512 0010025 0010313 0032411 0122213 0032312 0033012 0002025 0002213 0134225 0011125

[ 18m25s.904][lvl:14] 1⁶⁴.0⁵⁸.0⁵¹.1⁴¹.2³⁵.1²⁸.0²¹.0¹⁸.0¹⁶.0¹⁵.0⁹.0⁷.1⁵.0¹
columns: 0001313 0010510 0001125 0001512 0010025 0010313 0032411 0122213 0032312 0033012 0002025 0002213 0011125 0134011

[ 18m26s.582][lvl:14] 1⁶⁴.0⁵⁸.0⁵¹.1⁴¹.2³⁵.1²⁸.0²¹.0¹⁸.0¹⁶.0¹⁵.0⁹.1⁷.0².0¹
columns: 0001313 0010510 0001125 0001512 0010025 0010313 0032411 0122213 0032312 0033012 0002025 0134225 0011125 0024011

[ 18m27s.936][lvl:14] 1⁶⁴.0⁵⁸.0⁵¹.1⁴¹.2³⁵.1²⁸.0²¹.0¹⁸.0¹⁶.0¹⁵.1⁹.0⁶.0³.0¹
columns: 0001313 0010510 0001125 0001512 0010025 0010313 0032411 0122213 0032312 0033012 0002213 0024513 0134225 0011125

[ 109m4s.920][lvl:14] 1⁶⁴.0⁵⁸.2⁵¹.3⁴³.2³³.0²⁶.0²².0¹⁶.1¹¹.0⁷.0⁵.0³.0².0¹
columns: 0001313 0010510 0001512 0024011 0010025 0032312 0134225 0002025 0011125 0032411 0033012 0010313 0122213 0131010

[ 313m3s.565][lvl:14] 1⁶⁴.2⁵⁸.1⁴⁶.0³⁸.1³³.0²⁷.0²⁴.1²⁰.1¹⁴.0¹⁰.0⁸.0⁷.0⁴.0³
columns: 0001313 0001125 0010213 0010313 0010025 0032411 0011213 0001512 0002025 0122213 0032312 0134012 0023210 0024011

[ 313m3s.620][lvl:14] 1⁶⁴.2⁵⁸.1⁴⁶.0³⁸.1³³.0²⁷.0²⁴.1²⁰.1¹⁴.0¹⁰.0⁸.0⁷.0⁴.1³
columns: 0001313 0001125 0010213 0010313 0010025 0032411 0011213 0001512 0002025 0122213 0032312 0134012 0023210 0002213

[ 313m3s.671][lvl:14] 1⁶⁴.2⁵⁸.1⁴⁶.0³⁸.1³³.0²⁷.0²⁴.1²⁰.1¹⁴.0¹⁰.0⁸.0⁷.0⁴.2³
columns: 0001313 0001125 0010213 0010313 0010025 0032411 0011213 0001512 0002025 0122213 0032312 0134012 0023210 0002412

-------------------------

[412m43s.619][lvl:14] 2⁶⁴.3⁵⁸.1⁴⁷.0⁴⁰.0³⁶.1²⁹.0²¹.0¹⁷.0¹⁴.0¹⁰.0⁷.1⁴.0².0¹
columns: 0001511 0010312 0002213 0010511 0010213 0001225 0011010 0002025 0032025 0024110 0032510 0131010 0122025 0134111

[412m49s.815][lvl:14] 2⁶⁴.3⁵⁸.1⁴⁷.0⁴⁰.0³⁶.1²⁹.0²¹.0¹⁷.1¹⁴.0¹⁰.0⁷.1⁴.0².0¹
columns: 0001511 0010312 0002213 0010511 0010213 0001225 0011010 0002025 0023413 0024110 0032510 0131010 0122025 0134111

[     0m0s.1][lvl:0] 
columns: 

-------------------------

[   0m1s.832][lvl:1] 3⁶⁴
columns: 0001512

-------------------------

[   0m3s.283][lvl:2] 3⁶⁴.1⁵⁸
columns: 0001512 0010510

-------------------------

[   0m4s.613][lvl:3] 3⁶⁴.1⁵⁸.0⁵⁰
columns: 0001512 0010510 0002412

-------------------------

[   0m5s.780][lvl:4] 3⁶⁴.1⁵⁸.0⁵⁰.3⁴⁴
columns: 0001512 0010510 0002412 0024011

-------------------------

[   0m6s.955][lvl:5] 3⁶⁴.1⁵⁸.0⁵⁰.3⁴⁴.0³⁴
columns: 0001512 0010510 0002412 0024011 0001125

-------------------------

[   0m7s.796][lvl:6] 3⁶⁴.1⁵⁸.0⁵⁰.3⁴⁴.0³⁴.0²⁷
columns: 0001512 0010510 0002412 0024011 0001125 0010025

-------------------------

[   0m8s.453][lvl:7] 3⁶⁴.1⁵⁸.0⁵⁰.3⁴⁴.0³⁴.0²⁷.0²²
columns: 0001512 0010510 0002412 0024011 0001125 0010025 0032411

-------------------------

[    0m9s.62][lvl:8] 3⁶⁴.1⁵⁸.0⁵⁰.3⁴⁴.0³⁴.0²⁷.0²².0¹⁸
columns: 0001512 0010510 0002412 0024011 0001125 0010025 0032411 0023111

-------------------------

[   0m9s.614][lvl:9] 3⁶⁴.1⁵⁸.0⁵⁰.3⁴⁴.0³⁴.0²⁷.0²².0¹⁸.0¹⁵
columns: 0001512 0010510 0002412 0024011 0001125 0010025 0032411 0023111 0032312

-------------------------

[  0m10s.108][lvl:10] 3⁶⁴.1⁵⁸.0⁵⁰.3⁴⁴.0³⁴.0²⁷.0²².0¹⁸.0¹⁵.0¹²
columns: 0001512 0010510 0002412 0024011 0001125 0010025 0032411 0023111 0032312 0002025

-------------------------

[  0m10s.475][lvl:11] 3⁶⁴.1⁵⁸.0⁵⁰.3⁴⁴.0³⁴.0²⁷.0²².0¹⁸.0¹⁵.0¹².0⁸
columns: 0001512 0010510 0002412 0024011 0001125 0010025 0032411 0023111 0032312 0002025 0122213

-------------------------

[  0m10s.711][lvl:12] 3⁶⁴.1⁵⁸.0⁵⁰.3⁴⁴.0³⁴.0²⁷.0²².0¹⁸.0¹⁵.0¹².0⁸.0⁶
columns: 0001512 0010510 0002412 0024011 0001125 0010025 0032411 0023111 0032312 0002025 0122213 0134012

-------------------------

[  0m10s.906][lvl:13] 3⁶⁴.1⁵⁸.0⁵⁰.3⁴⁴.0³⁴.0²⁷.0²².0¹⁸.0¹⁵.0¹².0⁸.0⁶.0³
columns: 0001512 0010510 0002412 0024011 0001125 0010025 0032411 0023111 0032312 0002025 0122213 0134012 0010225

[  0m10s.943][lvl:13] 3⁶⁴.1⁵⁸.0⁵⁰.3⁴⁴.0³⁴.0²⁷.0²².0¹⁸.0¹⁵.0¹².0⁸.0⁶.1³
columns: 0001512 0010510 0002412 0024011 0001125 0010025 0032411 0023111 0032312 0002025 0122213 0134012 0011125

[  0m10s.982][lvl:13] 3⁶⁴.1⁵⁸.0⁵⁰.3⁴⁴.0³⁴.0²⁷.0²².0¹⁸.0¹⁵.0¹².0⁸.0⁶.2³
columns: 0001512 0010510 0002412 0024011 0001125 0010025 0032411 0023111 0032312 0002025 0122213 0134012 0023210

[  0m11s.226][lvl:13] 3⁶⁴.1⁵⁸.0⁵⁰.3⁴⁴.0³⁴.0²⁷.0²².0¹⁸.0¹⁵.0¹².0⁸.1⁶.0²
columns: 0001512 0010510 0002412 0024011 0001125 0010025 0032411 0023111 0032312 0002025 0122213 0134225 0010225

[  0m11s.264][lvl:13] 3⁶⁴.1⁵⁸.0⁵⁰.3⁴⁴.0³⁴.0²⁷.0²².0¹⁸.0¹⁵.0¹².0⁸.1⁶.1²
columns: 0001512 0010510 0002412 0024011 0001125 0010025 0032411 0023111 0032312 0002025 0122213 0134225 0011125

[  0m11s.759][lvl:13] 3⁶⁴.1⁵⁸.0⁵⁰.3⁴⁴.0³⁴.0²⁷.0²².0¹⁸.0¹⁵.0¹².1⁸.0³.0²
columns: 0001512 0010510 0002412 0024011 0001125 0010025 0032411 0023111 0032312 0002025 0134225 0121313 0010225

[  0m11s.797][lvl:13] 3⁶⁴.1⁵⁸.0⁵⁰.3⁴⁴.0³⁴.0²⁷.0²².0¹⁸.0¹⁵.0¹².1⁸.0³.1²
columns: 0001512 0010510 0002412 0024011 0001125 0010025 0032411 0023111 0032312 0002025 0134225 0121313 0011125

[  0m22s.340][lvl:13] 3⁶⁴.1⁵⁸.0⁵⁰.3⁴⁴.0³⁴.0²⁷.0²².1¹⁸.0¹².0⁷.0⁶.0⁴.0²
columns: 0001512 0010510 0002412 0024011 0001125 0010025 0032411 0011125 0010313 0032312 0002025 0122213 0134012

[  0m22s.366][lvl:13] 3⁶⁴.1⁵⁸.0⁵⁰.3⁴⁴.0³⁴.0²⁷.0²².1¹⁸.0¹².0⁷.0⁶.0⁴.1²
columns: 0001512 0010510 0002412 0024011 0001125 0010025 0032411 0011125 0010313 0032312 0002025 0122213 0134225

[  0m22s.484][lvl:13] 3⁶⁴.1⁵⁸.0⁵⁰.3⁴⁴.0³⁴.0²⁷.0²².1¹⁸.0¹².0⁷.0⁶.1⁴.0¹
columns: 0001512 0010510 0002412 0024011 0001125 0010025 0032411 0011125 0010313 0032312 0002025 0134225 0121313

[  0m57s.389][lvl:13] 3⁶⁴.1⁵⁸.0⁵⁰.3⁴⁴.0³⁴.0²⁷.0²².2¹⁸.0¹¹.0⁸.0⁶.0³.0¹
columns: 0001512 0010510 0002412 0024011 0001125 0010025 0032411 0002025 0032312 0122213 0134012 0010313 0023210

[  2m42s.498][lvl:13] 3⁶⁴.1⁵⁸.0⁵⁰.3⁴⁴.0³⁴.0²⁷.1²².1¹⁴.0⁹.0⁶.0⁵.0⁴.0¹
columns: 0001512 0010510 0002412 0024011 0001125 0010025 0002125 0011125 0032025 0032312 0033513 0023111 0134225

[  2m42s.907][lvl:13] 3⁶⁴.1⁵⁸.0⁵⁰.3⁴⁴.0³⁴.0²⁷.1²².1¹⁴.0⁹.0⁶.0⁵.1⁴.0¹
columns: 0001512 0010510 0002412 0024011 0001125 0010025 0002125 0011125 0032025 0032312 0033513 0134225 0010313

[  3m16s.349][lvl:13] 3⁶⁴.1⁵⁸.0⁵⁰.3⁴⁴.0³⁴.0²⁷.1²².2¹⁴.0⁹.0⁷.0⁶.0⁵.0¹
columns: 0001512 0010510 0002412 0024011 0001125 0010025 0002125 0023111 0032025 0032312 0033513 0134225 0010225

[  34m1s.508][lvl:13] 3⁶⁴.1⁵⁸.0⁵⁰.3⁴⁴.1³⁴.0²³.0¹⁸.0¹⁴.0¹².0¹⁰.0⁶.0³.0²
columns: 0001512 0010510 0002412 0024011 0001225 0010025 0032025 0032312 0033513 0134225 0023111 0113011 0010225

[  34m1s.561][lvl:13] 3⁶⁴.1⁵⁸.0⁵⁰.3⁴⁴.1³⁴.0²³.0¹⁸.0¹⁴.0¹².0¹⁰.0⁶.0³.1²
columns: 0001512 0010510 0002412 0024011 0001225 0010025 0032025 0032312 0033513 0134225 0023111 0113011 0011125

[  34m1s.880][lvl:13] 3⁶⁴.1⁵⁸.0⁵⁰.3⁴⁴.1³⁴.0²³.0¹⁸.0¹⁴.0¹².0¹⁰.1⁶.0².0¹
columns: 0001512 0010510 0002412 0024011 0001225 0010025 0032025 0032312 0033513 0134225 0010313 0011125 0131010

[  34m5s.414][lvl:13] 3⁶⁴.1⁵⁸.0⁵⁰.3⁴⁴.1³⁴.0²³.0¹⁸.0¹⁴.1¹².0⁷.0⁶.0⁴.0¹
columns: 0001512 0010510 0002412 0024011 0001225 0010025 0032025 0032312 0134225 0002025 0011125 0010313 0131010

[  34m5s.554][lvl:13] 3⁶⁴.1⁵⁸.0⁵⁰.3⁴⁴.1³⁴.0²³.0¹⁸.0¹⁴.1¹².0⁷.0⁶.1⁴.0¹
columns: 0001512 0010510 0002412 0024011 0001225 0010025 0032025 0032312 0134225 0002025 0011125 0023111 0113011

[  34m5s.983][lvl:13] 3⁶⁴.1⁵⁸.0⁵⁰.3⁴⁴.1³⁴.0²³.0¹⁸.0¹⁴.1¹².0⁷.1⁶.0³.0¹
columns: 0001512 0010510 0002412 0024011 0001225 0010025 0032025 0032312 0134225 0002025 0010225 0023111 0113011

[ 34m20s.989][lvl:13] 3⁶⁴.1⁵⁸.0⁵⁰.3⁴⁴.1³⁴.0²³.1¹⁸.0¹⁵.0¹¹.0⁹.1⁶.0³.0¹
columns: 0001512 0010510 0002412 0024011 0001225 0010025 0032312 0032411 0002025 0134012 0010313 0011125 0131010

[ 34m21s.939][lvl:13] 3⁶⁴.1⁵⁸.0⁵⁰.3⁴⁴.1³⁴.0²³.1¹⁸.0¹⁵.0¹¹.1⁹.1⁵.0².0¹
columns: 0001512 0010510 0002412 0024011 0001225 0010025 0032312 0032411 0002025 0134225 0010313 0011125 0131010

[ 34m50s.641][lvl:13] 3⁶⁴.1⁵⁸.0⁵⁰.3⁴⁴.1³⁴.1²³.0¹⁹.0¹⁵.0⁹.0⁸.0⁶.0³.0¹
columns: 0001512 0010510 0002412 0024011 0001225 0002225 0011025 0023413 0032312 0134012 0023111 0010225 0113011

[ 34m56s.217][lvl:13] 3⁶⁴.1⁵⁸.0⁵⁰.3⁴⁴.1³⁴.1²³.0¹⁹.1¹⁵.0¹¹.0¹⁰.0⁶.0³.0¹
columns: 0001512 0010510 0002412 0024011 0001225 0002225 0011025 0032025 0032312 0134225 0023111 0010225 0113011

[ 35m11s.778][lvl:13] 3⁶⁴.1⁵⁸.0⁵⁰.3⁴⁴.1³⁴.1²³.1¹⁹.0¹².0⁹.0⁸.0⁶.0³.0¹
columns: 0001512 0010510 0002412 0024011 0001225 0002225 0023413 0002025 0032312 0134012 0023111 0010225 0113011

[ 35m23s.926][lvl:13] 3⁶⁴.1⁵⁸.0⁵⁰.3⁴⁴.1³⁴.1²³.2¹⁹.0¹⁴.0¹².0¹⁰.0⁶.0³.0¹
columns: 0001512 0010510 0002412 0024011 0001225 0002225 0032025 0032312 0033513 0134225 0023111 0010225 0113011

[ 35m26s.948][lvl:13] 3⁶⁴.1⁵⁸.0⁵⁰.3⁴⁴.1³⁴.1²³.2¹⁹.0¹⁴.1¹².0⁷.0⁶.0³.0¹
columns: 0001512 0010510 0002412 0024011 0001225 0002225 0032025 0032312 0134225 0002025 0010225 0023111 0113011

[ 36m50s.538][lvl:13] 3⁶⁴.1⁵⁸.0⁵⁰.3⁴⁴.2³⁴.0²⁴.0²⁰.0¹⁶.0¹¹.0⁸.0⁷.0⁵.0²
columns: 0001512 0010510 0002412 0024011 0010025 0032025 0032312 0002125 0023111 0033513 0113011 0134225 0010225

[ 36m50s.585][lvl:13] 3⁶⁴.1⁵⁸.0⁵⁰.3⁴⁴.2³⁴.0²⁴.0²⁰.0¹⁶.0¹¹.0⁸.0⁷.0⁵.1²
columns: 0001512 0010510 0002412 0024011 0010025 0032025 0032312 0002125 0023111 0033513 0113011 0134225 0011125

[ 36m53s.293][lvl:13] 3⁶⁴.1⁵⁸.0⁵⁰.3⁴⁴.2³⁴.0²⁴.0²⁰.0¹⁶.1¹¹.0⁹.0⁵.0².0¹
columns: 0001512 0010510 0002412 0024011 0010025 0032025 0032312 0002125 0033513 0134225 0010313 0011125 0131010

[  38m4s.334][lvl:13] 3⁶⁴.1⁵⁸.0⁵⁰.3⁴⁴.2³⁴.2²⁴.0¹⁹.0¹⁵.1¹².0⁷.0⁴.0³.0²
columns: 0001512 0010510 0002412 0024011 0010025 0032312 0002025 0032411 0134225 0010313 0011125 0131010 0121313

[  38m4s.376][lvl:13] 3⁶⁴.1⁵⁸.0⁵⁰.3⁴⁴.2³⁴.2²⁴.0¹⁹.0¹⁵.1¹².0⁷.0⁴.0³.1²
columns: 0001512 0010510 0002412 0024011 0010025 0032312 0002025 0032411 0134225 0010313 0011125 0131010 0122213

[  38m7s.162][lvl:13] 3⁶⁴.1⁵⁸.0⁵⁰.3⁴⁴.2³⁴.2²⁴.0¹⁹.0¹⁵.2¹².0⁶.0⁴.0³.0¹
columns: 0001512 0010510 0002412 0024011 0010025 0032312 0002025 0032411 0011125 0010313 0131010 0122213 0134012

[ 66m44s.369][lvl:13] 3⁶⁴.1⁵⁸.2⁵⁰.0⁴⁰.0³⁵.0³⁰.0²⁴.0¹⁸.0¹⁴.1¹⁰.0⁵.0³.0¹
columns: 0001512 0010510 0001125 0002213 0010025 0032411 0023513 0002025 0033012 0010225 0032312 0122213 0134011

[ 66m45s.607][lvl:13] 3⁶⁴.1⁵⁸.2⁵⁰.0⁴⁰.0³⁵.0³⁰.0²⁴.0¹⁸.0¹⁴.2¹⁰.0⁵.0³.0¹
columns: 0001512 0010510 0001125 0002213 0010025 0032411 0023513 0002025 0033012 0011125 0032312 0122213 0134011

[ 66m51s.450][lvl:13] 3⁶⁴.1⁵⁸.2⁵⁰.0⁴⁰.0³⁵.0³⁰.0²⁴.0¹⁸.2¹⁴.0¹⁰.0⁸.0⁶.0³
columns: 0001512 0010510 0001125 0002213 0010025 0032411 0023513 0002025 0032312 0122213 0024413 0134012 0010225

[ 66m51s.507][lvl:13] 3⁶⁴.1⁵⁸.2⁵⁰.0⁴⁰.0³⁵.0³⁰.0²⁴.0¹⁸.2¹⁴.0¹⁰.0⁸.0⁶.1³
columns: 0001512 0010510 0001125 0002213 0010025 0032411 0023513 0002025 0032312 0122213 0024413 0134012 0011125

[ 66m51s.565][lvl:13] 3⁶⁴.1⁵⁸.2⁵⁰.0⁴⁰.0³⁵.0³⁰.0²⁴.0¹⁸.2¹⁴.0¹⁰.0⁸.0⁶.2³
columns: 0001512 0010510 0001125 0002213 0010025 0032411 0023513 0002025 0032312 0122213 0024413 0134012 0023210

[ 66m51s.729][lvl:13] 3⁶⁴.1⁵⁸.2⁵⁰.0⁴⁰.0³⁵.0³⁰.0²⁴.0¹⁸.2¹⁴.0¹⁰.0⁸.1⁶.0¹
columns: 0001512 0010510 0001125 0002213 0010025 0032411 0023513 0002025 0032312 0122213 0024413 0010225 0134011

[ 66m51s.873][lvl:13] 3⁶⁴.1⁵⁸.2⁵⁰.0⁴⁰.0³⁵.0³⁰.0²⁴.0¹⁸.2¹⁴.0¹⁰.0⁸.2⁶.0¹
columns: 0001512 0010510 0001125 0002213 0010025 0032411 0023513 0002025 0032312 0122213 0024413 0011125 0134011

[ 66m52s.714][lvl:13] 3⁶⁴.1⁵⁸.2⁵⁰.0⁴⁰.0³⁵.0³⁰.0²⁴.0¹⁸.2¹⁴.0¹⁰.1⁸.0⁵.0³
columns: 0001512 0010510 0001125 0002213 0010025 0032411 0023513 0002025 0032312 0122213 0023111 0134012 0010225

[ 66m52s.783][lvl:13] 3⁶⁴.1⁵⁸.2⁵⁰.0⁴⁰.0³⁵.0³⁰.0²⁴.0¹⁸.2¹⁴.0¹⁰.1⁸.0⁵.1³
columns: 0001512 0010510 0001125 0002213 0010025 0032411 0023513 0002025 0032312 0122213 0023111 0134012 0011125

[ 66m52s.853][lvl:13] 3⁶⁴.1⁵⁸.2⁵⁰.0⁴⁰.0³⁵.0³⁰.0²⁴.0¹⁸.2¹⁴.0¹⁰.1⁸.0⁵.2³
columns: 0001512 0010510 0001125 0002213 0010025 0032411 0023513 0002025 0032312 0122213 0023111 0134012 0023210

[ 67m21s.219][lvl:13] 3⁶⁴.1⁵⁸.2⁵⁰.0⁴⁰.0³⁵.0³⁰.1²⁴.0¹⁸.0¹⁴.0⁹.0⁴.0³.0²
columns: 0001512 0010510 0001125 0002213 0010025 0032411 0002025 0011125 0033012 0010313 0032312 0122213 0134011

[ 67m21s.256][lvl:13] 3⁶⁴.1⁵⁸.2⁵⁰.0⁴⁰.0³⁵.0³⁰.1²⁴.0¹⁸.0¹⁴.0⁹.0⁴.0³.1²
columns: 0001512 0010510 0001125 0002213 0010025 0032411 0002025 0011125 0033012 0010313 0032312 0122213 0134225

[ 67m22s.363][lvl:13] 3⁶⁴.1⁵⁸.2⁵⁰.0⁴⁰.0³⁵.0³⁰.1²⁴.0¹⁸.0¹⁴.1⁹.0⁴.0³.0¹
columns: 0001512 0010510 0001125 0002213 0010025 0032411 0002025 0011125 0033012 0122213 0032312 0131125 0134011

[ 67m24s.830][lvl:13] 3⁶⁴.1⁵⁸.2⁵⁰.0⁴⁰.0³⁵.0³⁰.1²⁴.0¹⁸.1¹⁴.0⁸.0⁵.0³.0²
columns: 0001512 0010510 0001125 0002213 0010025 0032411 0002025 0011125 0122213 0010313 0024413 0032312 0134011

[ 67m24s.868][lvl:13] 3⁶⁴.1⁵⁸.2⁵⁰.0⁴⁰.0³⁵.0³⁰.1²⁴.0¹⁸.1¹⁴.0⁸.0⁵.0³.1²
columns: 0001512 0010510 0001125 0002213 0010025 0032411 0002025 0011125 0122213 0010313 0024413 0032312 0134012

[ 67m43s.506][lvl:13] 3⁶⁴.1⁵⁸.2⁵⁰.0⁴⁰.0³⁵.0³⁰.1²⁴.2¹⁸.1¹¹.0⁹.0⁶.0³.0¹
columns: 0001512 0010510 0001125 0002213 0010025 0032411 0002025 0122213 0032312 0024413 0010313 0023210 0134012

[  68m8s.936][lvl:13] 3⁶⁴.1⁵⁸.2⁵⁰.0⁴⁰.0³⁵.0³⁰.3²⁴.0¹⁶.0¹².0⁸.0³.0².0¹
columns: 0001512 0010510 0001125 0002213 0010025 0032411 0011125 0024513 0033012 0010313 0032312 0122213 0134225

[ 68m34s.548][lvl:13] 3⁶⁴.1⁵⁸.2⁵⁰.0⁴⁰.0³⁵.1³⁰.0²³.0¹⁷.1¹³.0⁸.0⁶.0⁵.0³
columns: 0001512 0010510 0001125 0002213 0010025 0002025 0023110 0023513 0024413 0122213 0032312 0134012 0010225

[ 68m34s.606][lvl:13] 3⁶⁴.1⁵⁸.2⁵⁰.0⁴⁰.0³⁵.1³⁰.0²³.0¹⁷.1¹³.0⁸.0⁶.0⁵.1³
columns: 0001512 0010510 0001125 0002213 0010025 0002025 0023110 0023513 0024413 0122213 0032312 0134012 0011125

[ 68m34s.667][lvl:13] 3⁶⁴.1⁵⁸.2⁵⁰.0⁴⁰.0³⁵.1³⁰.0²³.0¹⁷.1¹³.0⁸.0⁶.0⁵.2³
columns: 0001512 0010510 0001125 0002213 0010025 0002025 0023110 0023513 0024413 0122213 0032312 0134012 0023210

[ 70m42s.509][lvl:13] 3⁶⁴.1⁵⁸.2⁵⁰.0⁴⁰.0³⁵.2³⁰.1²³.0¹⁵.0¹⁰.0⁷.0⁵.0².0¹
columns: 0001512 0010510 0001125 0002213 0010025 0023110 0010225 0024011 0033012 0033513 0122213 0032312 0134225

[ 70m57s.446][lvl:13] 3⁶⁴.1⁵⁸.2⁵⁰.0⁴⁰.0³⁵.2³⁰.2²³.0¹⁶.0¹².0⁷.0⁵.0².0¹
columns: 0001512 0010510 0001125 0002213 0010025 0023110 0011125 0033012 0024011 0033513 0122213 0032312 0134225

[ 72m23s.821][lvl:13] 3⁶⁴.1⁵⁸.2⁵⁰.0⁴⁰.1³⁵.0²⁵.0²⁰.0¹⁶.1¹¹.0⁶.0⁴.0³.0¹
columns: 0001512 0010510 0001125 0002213 0010312 0002025 0023513 0032411 0023210 0024413 0134012 0032312 0122213

[ 82m32s.238][lvl:13] 3⁶⁴.1⁵⁸.2⁵⁰.2⁴⁰.0³⁴.0²⁸.0²⁵.0²⁰.0¹⁵.0¹¹.0¹⁰.1⁴.0¹
columns: 0001512 0010510 0001125 0010025 0032411 0024413 0033012 0002025 0011125 0134011 0023513 0032312 0122213

[ 82m32s.562][lvl:13] 3⁶⁴.1⁵⁸.2⁵⁰.2⁴⁰.0³⁴.0²⁸.0²⁵.0²⁰.0¹⁵.0¹¹.1¹⁰.0⁴.0¹
columns: 0001512 0010510 0001125 0010025 0032411 0024413 0033012 0002025 0011125 0134011 0122213 0010313 0032312

[ 82m32s.664][lvl:13] 3⁶⁴.1⁵⁸.2⁵⁰.2⁴⁰.0³⁴.0²⁸.0²⁵.0²⁰.0¹⁵.0¹¹.1¹⁰.1⁴.0²
columns: 0001512 0010510 0001125 0010025 0032411 0024413 0033012 0002025 0011125 0134011 0122213 0032312 0024012

[ 82m32s.692][lvl:13] 3⁶⁴.1⁵⁸.2⁵⁰.2⁴⁰.0³⁴.0²⁸.0²⁵.0²⁰.0¹⁵.0¹¹.1¹⁰.1⁴.1²
columns: 0001512 0010510 0001125 0010025 0032411 0024413 0033012 0002025 0011125 0134011 0122213 0032312 0131125

[  82m35s.83][lvl:13] 3⁶⁴.1⁵⁸.2⁵⁰.2⁴⁰.0³⁴.0²⁸.0²⁵.0²⁰.1¹⁵.0⁸.0⁵.1⁴.0¹
columns: 0001512 0010510 0001125 0010025 0032411 0024413 0033012 0002025 0023513 0010225 0134011 0032312 0122213

[ 84m18s.686][lvl:13] 3⁶⁴.1⁵⁸.2⁵⁰.2⁴⁰.0³⁴.2²⁸.0²¹.0¹⁶.0¹¹.0⁷.0³.0².0¹
columns: 0001512 0010510 0001125 0010025 0032411 0024011 0033012 0002025 0134225 0010313 0011125 0032312 0122213

[106m22s.655][lvl:13] 3⁶⁴.1⁵⁸.3⁵⁰.0³⁷.0³².0²⁷.2²².1¹⁵.0⁸.0⁷.0⁶.0⁵.0²
columns: 0001512 0010510 0001225 0002213 0010025 0032025 0023111 0024011 0032312 0033513 0113011 0134225 0010225

[106m22s.716][lvl:13] 3⁶⁴.1⁵⁸.3⁵⁰.0³⁷.0³².0²⁷.2²².1¹⁵.0⁸.0⁷.0⁶.0⁵.1²
columns: 0001512 0010510 0001225 0002213 0010025 0032025 0023111 0024011 0032312 0033513 0113011 0134225 0011125

[106m52s.667][lvl:13] 3⁶⁴.1⁵⁸.3⁵⁰.0³⁷.0³².1²⁷.0²¹.0¹⁶.1¹⁰.0⁸.0⁷.0⁴.0²
columns: 0001512 0010510 0001225 0002213 0010025 0002025 0023513 0024413 0032312 0032411 0134012 0131010 0010225

[106m52s.714][lvl:13] 3⁶⁴.1⁵⁸.3⁵⁰.0³⁷.0³².1²⁷.0²¹.0¹⁶.1¹⁰.0⁸.0⁷.0⁴.1²
columns: 0001512 0010510 0001225 0002213 0010025 0002025 0023513 0024413 0032312 0032411 0134012 0131010 0011125

[107m10s.123][lvl:13] 3⁶⁴.1⁵⁸.3⁵⁰.0³⁷.0³².1²⁷.1²¹.0¹⁶.1¹².0⁶.0⁴.0³.0²
columns: 0001512 0010510 0001225 0002213 0010025 0002025 0011125 0134012 0010313 0024413 0032411 0131010 0032312

[107m10s.156][lvl:13] 3⁶⁴.1⁵⁸.3⁵⁰.0³⁷.0³².1²⁷.1²¹.0¹⁶.1¹².0⁶.0⁴.0³.1²
columns: 0001512 0010510 0001225 0002213 0010025 0002025 0011125 0134012 0010313 0024413 0032411 0131010 0033210

[117m14s.731][lvl:13] 3⁶⁴.1⁵⁸.3⁵⁰.1³⁷.1³⁰.2²⁴.1¹⁷.0¹³.0¹¹.0⁷.0⁴.0².0¹
columns: 0001512 0010510 0001225 0010025 0002025 0033012 0032312 0032411 0024011 0134225 0010313 0011125 0131010

[120m33s.969][lvl:13] 3⁶⁴.1⁵⁸.3⁵⁰.2³⁷.0²⁷.0²³.0¹⁸.2¹⁵.0¹⁰.0⁹.0⁵.0³.0¹
columns: 0001512 0010510 0001225 0023413 0002225 0023513 0010225 0024413 0032312 0033012 0002025 0113011 0134011

[132m57s.907][lvl:13] 3⁶⁴.2⁵⁸.0⁴⁸.0³⁷.0³².2²⁷.0²¹.1¹⁸.1¹³.0⁷.0⁵.0³.0¹
columns: 0001512 0002011 0001225 0002110 0002412 0011213 0032411 0010110 0024513 0134225 0010225 0023111 0023225

[ 134m2s.347][lvl:13] 3⁶⁴.2⁵⁸.0⁴⁸.0³⁷.1³².0²⁷.0²⁵.0²¹.1¹⁵.0¹¹.1⁸.0⁴.0¹
columns: 0001512 0002011 0001225 0002110 0010511 0002213 0011213 0023413 0023513 0010225 0113011 0134011 0033513

[143m35s.741][lvl:13] 3⁶⁴.2⁵⁸.0⁴⁸.1³⁷.2³².0²⁶.0²².0¹⁷.0¹³.0¹⁰.0⁸.0³.0¹
columns: 0001512 0002011 0001225 0002412 0032411 0010213 0010313 0010110 0011213 0032312 0024513 0134225 0131010

[ 147m4s.527][lvl:13] 3⁶⁴.2⁵⁸.0⁴⁸.2³⁷.0³¹.0²⁹.0²³.0¹⁸.0¹².0¹⁰.0⁴.0².0¹
columns: 0001512 0002011 0001225 0010511 0002213 0023413 0010213 0010313 0011213 0024110 0032312 0033513 0131010

[147m32s.657][lvl:13] 3⁶⁴.2⁵⁸.0⁴⁸.2³⁷.0³¹.0²⁹.1²³.1¹⁶.0¹².0⁹.0⁶.0⁴.0¹
columns: 0001512 0002011 0001225 0010511 0002213 0023413 0011213 0023513 0010225 0032312 0113011 0134011 0033513

[148m50s.130][lvl:13] 3⁶⁴.2⁵⁸.0⁴⁸.2³⁷.0³¹.2²⁹.0²².0¹⁵.0¹³.0¹⁰.0⁸.0³.0¹
columns: 0001512 0002011 0001225 0010511 0002213 0010213 0010313 0011213 0032411 0032312 0024513 0134225 0131010

[150m23s.985][lvl:13] 3⁶⁴.2⁵⁸.0⁴⁸.2³⁷.1³¹.0²⁴.0¹⁹.0¹⁴.0¹².0¹⁰.0³.0².0¹
columns: 0001512 0002011 0001225 0010511 0023413 0010213 0010313 0011213 0024210 0024110 0032312 0033513 0131010

[151m30s.447][lvl:13] 3⁶⁴.2⁵⁸.0⁴⁸.2³⁷.1³¹.2²⁴.0¹⁶.0¹⁴.0¹¹.0⁸.0⁶.0⁴.0¹
columns: 0001512 0002011 0001225 0010511 0023413 0011213 0024210 0023513 0010225 0032312 0113011 0134011 0033513

[160m20s.398][lvl:13] 3⁶⁴.2⁵⁸.1⁴⁸.0⁴².0³⁵.0²⁸.0²³.0¹⁷.0¹³.0¹⁰.1⁶.0².0¹
columns: 0001512 0002011 0002412 0002110 0023413 0011213 0121313 0010110 0134111 0010225 0023225 0001125 0023513

[160m21s.300][lvl:13] 3⁶⁴.2⁵⁸.1⁴⁸.0⁴².0³⁵.0²⁸.0²³.0¹⁷.0¹³.1¹⁰.0⁶.0³.0¹
columns: 0001512 0002011 0002412 0002110 0023413 0011213 0121313 0010110 0134111 0023225 0001125 0010313 0024110

[160m23s.471][lvl:13] 3⁶⁴.2⁵⁸.1⁴⁸.0⁴².0³⁵.0²⁸.0²³.0¹⁷.1¹³.0⁸.0⁶.0³.0¹
columns: 0001512 0002011 0002412 0002110 0023413 0011213 0121313 0010110 0010225 0024513 0023513 0001125 0023225

[ 160m33s.29][lvl:13] 3⁶⁴.2⁵⁸.1⁴⁸.0⁴².0³⁵.0²⁸.0²³.2¹⁷.0¹¹.0⁷.0⁴.0².0¹
columns: 0001512 0002011 0002412 0002110 0023413 0011213 0121313 0023225 0024413 0001125 0023513 0010225 0024513

[ 162m34s.76][lvl:13] 3⁶⁴.2⁵⁸.1⁴⁸.0⁴².1³⁵.0²⁸.0²⁴.0¹⁹.0¹⁴.0⁹.0⁵.0².0¹
columns: 0001512 0002011 0002412 0002110 0010110 0011213 0032411 0001125 0010313 0023225 0024513 0121313 0134225

[162m36s.827][lvl:13] 3⁶⁴.2⁵⁸.1⁴⁸.0⁴².1³⁵.0²⁸.0²⁴.0¹⁹.1¹⁴.0¹⁰.0⁷.0⁴.0²
columns: 0001512 0002011 0002412 0002110 0010110 0011213 0032411 0001125 0010225 0024513 0023225 0023513 0121313

[162m36s.900][lvl:13] 3⁶⁴.2⁵⁸.1⁴⁸.0⁴².1³⁵.0²⁸.0²⁴.0¹⁹.1¹⁴.0¹⁰.0⁷.0⁴.1²
columns: 0001512 0002011 0002412 0002110 0010110 0011213 0032411 0001125 0010225 0024513 0023225 0023513 0134225

[162m36s.979][lvl:13] 3⁶⁴.2⁵⁸.1⁴⁸.0⁴².1³⁵.0²⁸.0²⁴.0¹⁹.1¹⁴.0¹⁰.0⁷.1⁴.0²
columns: 0001512 0002011 0002412 0002110 0010110 0011213 0032411 0001125 0010225 0024513 0023225 0121313 0113110

-------------------------

[ 162m37s.28][lvl:14] 3⁶⁴.2⁵⁸.1⁴⁸.0⁴².1³⁵.0²⁸.0²⁴.0¹⁹.1¹⁴.0¹⁰.0⁷.1⁴.0².0¹
columns: 0001512 0002011 0002412 0002110 0010110 0011213 0032411 0001125 0010225 0024513 0023225 0121313 0113110 0134225

[  163m5s.37][lvl:14] 3⁶⁴.2⁵⁸.1⁴⁸.0⁴².1³⁵.0²⁸.1²⁴.0¹⁶.1¹⁴.0⁹.0⁵.0⁴.0².0¹
columns: 0001512 0002011 0002412 0002110 0010110 0011213 0001125 0023110 0121313 0134225 0023225 0010225 0024513 0113110

[335m49s.448][lvl:14] 3⁶⁴.3⁵⁸.2⁵⁰.1⁴⁰.0³³.0²⁹.0²⁵.0¹⁹.2¹³.0⁸.0⁶.0⁴.0³.0¹
columns: 0001512 0002412 0001125 0010213 0010025 0032411 0024011 0002025 0011213 0010313 0023210 0032312 0122213 0134012

