[     0m0s.1][lvl:0] 
columns: 

-------------------------

[   0m7s.956][lvl:1] 0⁹⁵
columns: 0001001

-------------------------

[  0m20s.395][lvl:2] 0⁹⁵.0⁸¹
columns: 0001001 0001201

-------------------------

[   0m35s.55][lvl:3] 0⁹⁵.0⁸¹.0⁷⁴
columns: 0001001 0001201 0002000

-------------------------

[  0m46s.121][lvl:4] 0⁹⁵.0⁸¹.0⁷⁴.0⁶⁸
columns: 0001001 0001201 0002000 0002002

-------------------------

[  0m58s.694][lvl:5] 0⁹⁵.0⁸¹.0⁷⁴.0⁶⁸.0⁵⁵
columns: 0001001 0001201 0002000 0002002 0002102

-------------------------

[   1m6s.397][lvl:6] 0⁹⁵.0⁸¹.0⁷⁴.0⁶⁸.0⁵⁵.0⁴²
columns: 0001001 0001201 0002000 0002002 0002102 0002303

-------------------------

[  1m15s.182][lvl:7] 0⁹⁵.0⁸¹.0⁷⁴.0⁶⁸.0⁵⁵.0⁴².0²⁹
columns: 0001001 0001201 0002000 0002002 0002102 0002303 0002403

-------------------------

[  1m22s.687][lvl:8] 0⁹⁵.0⁸¹.0⁷⁴.0⁶⁸.0⁵⁵.0⁴².0²⁹.0²⁶
columns: 0001001 0001201 0002000 0002002 0002102 0002303 0002403 0010304

-------------------------

[  1m30s.691][lvl:9] 0⁹⁵.0⁸¹.0⁷⁴.0⁶⁸.0⁵⁵.0⁴².0²⁹.0²⁶.0²⁰
columns: 0001001 0001201 0002000 0002002 0002102 0002303 0002403 0010304 0010403

-------------------------

[  1m33s.876][lvl:10] 0⁹⁵.0⁸¹.0⁷⁴.0⁶⁸.0⁵⁵.0⁴².0²⁹.0²⁶.0²⁰.0¹⁶
columns: 0001001 0001201 0002000 0002002 0002102 0002303 0002403 0010304 0010403 0011502

-------------------------

[  1m37s.407][lvl:11] 0⁹⁵.0⁸¹.0⁷⁴.0⁶⁸.0⁵⁵.0⁴².0²⁹.0²⁶.0²⁰.0¹⁶.0¹⁵
columns: 0001001 0001201 0002000 0002002 0002102 0002303 0002403 0010304 0010403 0011502 0014003

-------------------------

[   1m39s.44][lvl:12] 0⁹⁵.0⁸¹.0⁷⁴.0⁶⁸.0⁵⁵.0⁴².0²⁹.0²⁶.0²⁰.0¹⁶.0¹⁵.0⁹
columns: 0001001 0001201 0002000 0002002 0002102 0002303 0002403 0010304 0010403 0011502 0014003 0024201

-------------------------

[  1m40s.520][lvl:13] 0⁹⁵.0⁸¹.0⁷⁴.0⁶⁸.0⁵⁵.0⁴².0²⁹.0²⁶.0²⁰.0¹⁶.0¹⁵.0⁹.0⁷
columns: 0001001 0001201 0002000 0002002 0002102 0002303 0002403 0010304 0010403 0011502 0014003 0024201 0033201

-------------------------

[  1m41s.169][lvl:14] 0⁹⁵.0⁸¹.0⁷⁴.0⁶⁸.0⁵⁵.0⁴².0²⁹.0²⁶.0²⁰.0¹⁶.0¹⁵.0⁹.0⁷.0⁵
columns: 0001001 0001201 0002000 0002002 0002102 0002303 0002403 0010304 0010403 0011502 0014003 0024201 0033201 0131100

-------------------------

[  1m41s.260][lvl:15] 0⁹⁵.0⁸¹.0⁷⁴.0⁶⁸.0⁵⁵.0⁴².0²⁹.0²⁶.0²⁰.0¹⁶.0¹⁵.0⁹.0⁷.0⁵.0²
columns: 0001001 0001201 0002000 0002002 0002102 0002303 0002403 0010304 0010403 0011502 0014003 0024201 0033201 0131100 0134201

[  1m41s.350][lvl:15] 0⁹⁵.0⁸¹.0⁷⁴.0⁶⁸.0⁵⁵.0⁴².0²⁹.0²⁶.0²⁰.0¹⁶.0¹⁵.0⁹.0⁷.0⁵.1²
columns: 0001001 0001201 0002000 0002002 0002102 0002303 0002403 0010304 0010403 0011502 0014003 0024201 0033201 0131100 0134404

[  1m41s.963][lvl:15] 0⁹⁵.0⁸¹.0⁷⁴.0⁶⁸.0⁵⁵.0⁴².0²⁹.0²⁶.0²⁰.0¹⁶.0¹⁵.0⁹.0⁷.1⁵.0²
columns: 0001001 0001201 0002000 0002002 0002102 0002303 0002403 0010304 0010403 0011502 0014003 0024201 0033201 0131304 0134200

[  1m41s.999][lvl:15] 0⁹⁵.0⁸¹.0⁷⁴.0⁶⁸.0⁵⁵.0⁴².0²⁹.0²⁶.0²⁰.0¹⁶.0¹⁵.0⁹.0⁷.1⁵.1²
columns: 0001001 0001201 0002000 0002002 0002102 0002303 0002403 0010304 0010403 0011502 0014003 0024201 0033201 0131304 0134201

[  1m59s.894][lvl:15] 0⁹⁵.0⁸¹.0⁷⁴.0⁶⁸.0⁵⁵.0⁴².0²⁹.0²⁶.0²⁰.0¹⁶.1¹⁵.0⁹.0⁵.0⁴.0²
columns: 0001001 0001201 0002000 0002002 0002102 0002303 0002403 0010304 0010403 0011502 0014102 0024201 0033201 0131100 0134003

[  1m59s.969][lvl:15] 0⁹⁵.0⁸¹.0⁷⁴.0⁶⁸.0⁵⁵.0⁴².0²⁹.0²⁶.0²⁰.0¹⁶.1¹⁵.0⁹.0⁵.0⁴.1²
columns: 0001001 0001201 0002000 0002002 0002102 0002303 0002403 0010304 0010403 0011502 0014102 0024201 0033201 0131100 0134404

[   2m0s.175][lvl:15] 0⁹⁵.0⁸¹.0⁷⁴.0⁶⁸.0⁵⁵.0⁴².0²⁹.0²⁶.0²⁰.0¹⁶.1¹⁵.0⁹.0⁵.1⁴.0¹
columns: 0001001 0001201 0002000 0002002 0002102 0002303 0002403 0010304 0010403 0011502 0014102 0024201 0033201 0131304 0134003

[   2m2s.696][lvl:15] 0⁹⁵.0⁸¹.0⁷⁴.0⁶⁸.0⁵⁵.0⁴².0²⁹.0²⁶.0²⁰.0¹⁶.1¹⁵.1⁹.0⁵.0³.0¹
columns: 0001001 0001201 0002000 0002002 0002102 0002303 0002403 0010304 0010403 0011502 0014102 0024404 0033201 0131304 0134003

[   2m3s.717][lvl:15] 0⁹⁵.0⁸¹.0⁷⁴.0⁶⁸.0⁵⁵.0⁴².0²⁹.0²⁶.0²⁰.0¹⁶.1¹⁵.1⁹.1⁵.0³.0¹
columns: 0001001 0001201 0002000 0002002 0002102 0002303 0002403 0010304 0010403 0011502 0014102 0024404 0121100 0131304 0134003

[  2m24s.492][lvl:15] 0⁹⁵.0⁸¹.0⁷⁴.0⁶⁸.0⁵⁵.0⁴².0²⁹.0²⁶.0²⁰.0¹⁶.2¹⁵.0¹⁰.0⁷.0⁶.0³
columns: 0001001 0001201 0002000 0002002 0002102 0002303 0002403 0010304 0010403 0011502 0024201 0032402 0033201 0131100 0134002

-------------------------

[  2m24s.587][lvl:16] 0⁹⁵.0⁸¹.0⁷⁴.0⁶⁸.0⁵⁵.0⁴².0²⁹.0²⁶.0²⁰.0¹⁶.2¹⁵.0¹⁰.0⁷.0⁶.0³.0¹
columns: 0001001 0001201 0002000 0002002 0002102 0002303 0002403 0010304 0010403 0011502 0024201 0032402 0033201 0131100 0134002 0134404

[  6m16s.994][lvl:16] 0⁹⁵.0⁸¹.0⁷⁴.0⁶⁸.0⁵⁵.0⁴².0²⁹.0²⁶.1²⁰.1¹⁸.0¹².0⁹.0⁵.0⁴.0³.0¹
columns: 0001001 0001201 0002000 0002002 0002102 0002303 0002403 0010304 0011502 0014102 0023201 0024201 0033201 0122204 0131304 0134003

[  6m20s.685][lvl:16] 0⁹⁵.0⁸¹.0⁷⁴.0⁶⁸.0⁵⁵.0⁴².0²⁹.0²⁶.1²⁰.1¹⁸.0¹².1⁹.0⁷.0⁵.0³.0¹
columns: 0001001 0001201 0002000 0002002 0002102 0002303 0002403 0010304 0011502 0014102 0023201 0024404 0033201 0113200 0131304 0134003

[  6m21s.478][lvl:16] 0⁹⁵.0⁸¹.0⁷⁴.0⁶⁸.0⁵⁵.0⁴².0²⁹.0²⁶.1²⁰.1¹⁸.0¹².1⁹.0⁷.1⁵.0³.0¹
columns: 0001001 0001201 0002000 0002002 0002102 0002303 0002403 0010304 0011502 0014102 0023201 0024404 0033201 0122204 0131304 0134003

[  6m23s.626][lvl:16] 0⁹⁵.0⁸¹.0⁷⁴.0⁶⁸.0⁵⁵.0⁴².0²⁹.0²⁶.1²⁰.1¹⁸.0¹².1⁹.1⁷.0⁴.0³.0¹
columns: 0001001 0001201 0002000 0002002 0002102 0002303 0002403 0010304 0011502 0014102 0023201 0024404 0113200 0121100 0131304 0134003

[  6m25s.250][lvl:16] 0⁹⁵.0⁸¹.0⁷⁴.0⁶⁸.0⁵⁵.0⁴².0²⁹.0²⁶.1²⁰.1¹⁸.0¹².1⁹.2⁷.0⁴.0³.0¹
columns: 0001001 0001201 0002000 0002002 0002102 0002303 0002403 0010304 0011502 0014102 0023201 0024404 0121100 0122204 0131304 0134003

[   7m49s.86][lvl:16] 0⁹⁵.0⁸¹.0⁷⁴.0⁶⁸.0⁵⁵.0⁴².0²⁹.0²⁶.1²⁰.2¹⁸.0¹⁴.0⁹.0⁶.0⁵.0³.0¹
columns: 0001001 0001201 0002000 0002002 0002102 0002303 0002403 0010304 0011502 0023201 0024201 0032402 0033201 0122204 0131304 0134003

[  7m55s.853][lvl:16] 0⁹⁵.0⁸¹.0⁷⁴.0⁶⁸.0⁵⁵.0⁴².0²⁹.0²⁶.1²⁰.2¹⁸.0¹⁴.1⁹.0⁶.0⁴.0².0¹
columns: 0001001 0001201 0002000 0002002 0002102 0002303 0002403 0010304 0011502 0023201 0024201 0033201 0122204 0131304 0134003 0134201

[  8m13s.916][lvl:16] 0⁹⁵.0⁸¹.0⁷⁴.0⁶⁸.0⁵⁵.0⁴².0²⁹.0²⁶.1²⁰.2¹⁸.1¹⁴.0¹¹.0⁷.0⁶.0³.0¹
columns: 0001001 0001201 0002000 0002002 0002102 0002303 0002403 0010304 0011502 0023201 0024404 0032402 0033201 0113200 0131304 0134003

[  8m14s.633][lvl:16] 0⁹⁵.0⁸¹.0⁷⁴.0⁶⁸.0⁵⁵.0⁴².0²⁹.0²⁶.1²⁰.2¹⁸.1¹⁴.0¹¹.0⁷.1⁶.0⁴.0²
columns: 0001001 0001201 0002000 0002002 0002102 0002303 0002403 0010304 0011502 0023201 0024404 0032402 0033201 0122204 0131304 0134002

[  8m14s.680][lvl:16] 0⁹⁵.0⁸¹.0⁷⁴.0⁶⁸.0⁵⁵.0⁴².0²⁹.0²⁶.1²⁰.2¹⁸.1¹⁴.0¹¹.0⁷.1⁶.0⁴.1²
columns: 0001001 0001201 0002000 0002002 0002102 0002303 0002403 0010304 0011502 0023201 0024404 0032402 0033201 0122204 0131304 0134003

[  8m19s.413][lvl:16] 0⁹⁵.0⁸¹.0⁷⁴.0⁶⁸.0⁵⁵.0⁴².0²⁹.0²⁶.1²⁰.2¹⁸.1¹⁴.1¹¹.0⁷.0⁴.0².0¹
columns: 0001001 0001201 0002000 0002002 0002102 0002303 0002403 0010304 0011502 0023201 0024404 0033201 0113200 0131304 0134003 0134201

[  8m20s.917][lvl:16] 0⁹⁵.0⁸¹.0⁷⁴.0⁶⁸.0⁵⁵.0⁴².0²⁹.0²⁶.1²⁰.2¹⁸.1¹⁴.1¹¹.1⁷.0⁵.1³.0¹
columns: 0001001 0001201 0002000 0002002 0002102 0002303 0002403 0010304 0011502 0023201 0024404 0033201 0122204 0131304 0134003 0134201

[  8m27s.512][lvl:16] 0⁹⁵.0⁸¹.0⁷⁴.0⁶⁸.0⁵⁵.0⁴².0²⁹.0²⁶.1²⁰.2¹⁸.1¹⁴.2¹¹.0⁶.0⁴.0².0¹
columns: 0001001 0001201 0002000 0002002 0002102 0002303 0002403 0010304 0011502 0023201 0024404 0113200 0121100 0131304 0134003 0134201

[  8m32s.511][lvl:16] 0⁹⁵.0⁸¹.0⁷⁴.0⁶⁸.0⁵⁵.0⁴².0²⁹.0²⁶.1²⁰.2¹⁸.1¹⁴.3¹¹.0⁶.0⁵.1³.0¹
columns: 0001001 0001201 0002000 0002002 0002102 0002303 0002403 0010304 0011502 0023201 0024404 0121100 0122204 0131304 0134003 0134201

[  9m28s.161][lvl:16] 0⁹⁵.0⁸¹.0⁷⁴.0⁶⁸.0⁵⁵.0⁴².0²⁹.0²⁶.1²⁰.3¹⁸.0¹².0⁹.0⁸.0⁶.0³.0¹
columns: 0001001 0001201 0002000 0002002 0002102 0002303 0002403 0010304 0011502 0024201 0032402 0033201 0113200 0131100 0134002 0134404

[  9m31s.156][lvl:16] 0⁹⁵.0⁸¹.0⁷⁴.0⁶⁸.0⁵⁵.0⁴².0²⁹.0²⁶.1²⁰.3¹⁸.0¹².0⁹.1⁸.0⁵.0³.0¹
columns: 0001001 0001201 0002000 0002002 0002102 0002303 0002403 0010304 0011502 0024201 0032402 0033201 0122204 0131100 0134002 0134404

[  20m18s.42][lvl:16] 0⁹⁵.0⁸¹.0⁷⁴.0⁶⁸.0⁵⁵.0⁴².0²⁹.1²⁶.0²¹.0¹⁴.0¹².0⁷.0⁶.0⁴.0².0¹
columns: 0001001 0001201 0002000 0002002 0002102 0002303 0002403 0010403 0011001 0011502 0014003 0023101 0131100 0131304 0134102 0134201

[ 22m20s.314][lvl:16] 0⁹⁵.0⁸¹.0⁷⁴.0⁶⁸.0⁵⁵.0⁴².0²⁹.1²⁶.1²¹.0¹⁹.0¹².0¹⁰.0⁷.0⁵.0³.0¹
columns: 0001001 0001201 0002000 0002002 0002102 0002303 0002403 0010403 0011502 0014003 0023101 0024201 0033201 0131100 0131304 0134201

[ 24m20s.740][lvl:16] 0⁹⁵.0⁸¹.0⁷⁴.0⁶⁸.0⁵⁵.0⁴².0²⁹.1²⁶.1²¹.2¹⁹.1¹³.0⁸.0⁶.0⁴.0².0¹
columns: 0001001 0001201 0002000 0002002 0002102 0002303 0002403 0010403 0011502 0023101 0024201 0033201 0131100 0131304 0134003 0134201

[ 37m11s.263][lvl:16] 0⁹⁵.0⁸¹.0⁷⁴.0⁶⁸.0⁵⁵.0⁴².0²⁹.2²⁶.0¹⁷.0¹⁵.0⁹.0⁸.0⁶.0⁴.0².0¹
columns: 0001001 0001201 0002000 0002002 0002102 0002303 0002403 0011001 0011502 0014003 0023101 0113200 0131100 0131304 0134102 0134201

[ 37m14s.300][lvl:16] 0⁹⁵.0⁸¹.0⁷⁴.0⁶⁸.0⁵⁵.0⁴².0²⁹.2²⁶.0¹⁷.0¹⁵.0⁹.1⁸.0⁶.0⁴.0².0¹
columns: 0001001 0001201 0002000 0002002 0002102 0002303 0002403 0011001 0011502 0014003 0023101 0122204 0131100 0131304 0134102 0134201

[ 43m31s.121][lvl:16] 0⁹⁵.0⁸¹.0⁷⁴.0⁶⁸.0⁵⁵.0⁴².0²⁹.3²⁶.0²².0¹⁴.0¹².0¹⁰.0⁷.0⁵.0³.0¹
columns: 0001001 0001201 0002000 0002002 0002102 0002303 0002403 0011502 0014003 0023101 0024201 0033201 0113200 0131100 0131304 0134201

[ 43m33s.809][lvl:16] 0⁹⁵.0⁸¹.0⁷⁴.0⁶⁸.0⁵⁵.0⁴².0²⁹.3²⁶.0²².0¹⁴.0¹².0¹⁰.1⁷.0⁴.0³.0¹
columns: 0001001 0001201 0002000 0002002 0002102 0002303 0002403 0011502 0014003 0023101 0024201 0033201 0122204 0131100 0131304 0134201

[ 43m40s.888][lvl:16] 0⁹⁵.0⁸¹.0⁷⁴.0⁶⁸.0⁵⁵.0⁴².0²⁹.3²⁶.0²².0¹⁴.0¹².1¹⁰.0⁶.0⁵.0³.0¹
columns: 0001001 0001201 0002000 0002002 0002102 0002303 0002403 0011502 0014003 0023101 0024201 0113101 0113200 0131100 0131304 0134201

[ 44m21s.170][lvl:16] 0⁹⁵.0⁸¹.0⁷⁴.0⁶⁸.0⁵⁵.0⁴².0²⁹.3²⁶.0²².0¹⁴.2¹².0⁷.0⁶.0⁴.0².0¹
columns: 0001001 0001201 0002000 0002002 0002102 0002303 0002403 0011502 0014003 0023101 0113101 0113200 0131100 0131304 0134102 0134201

[ 45m20s.579][lvl:16] 0⁹⁵.0⁸¹.0⁷⁴.0⁶⁸.0⁵⁵.0⁴².0²⁹.3²⁶.0²².1¹⁴.2¹².0⁷.0⁶.0⁴.0².0¹
columns: 0001001 0001201 0002000 0002002 0002102 0002303 0002403 0011502 0014003 0023102 0113101 0113200 0131100 0131304 0134102 0134201

[ 49m46s.709][lvl:16] 0⁹⁵.0⁸¹.0⁷⁴.0⁶⁸.0⁵⁵.0⁴².0²⁹.3²⁶.2²².0¹⁶.0¹⁴.0⁹.0⁶.0⁵.0³.0¹
columns: 0001001 0001201 0002000 0002002 0002102 0002303 0002403 0011502 0023101 0023201 0023504 0024201 0122204 0131304 0134003 0134201

[ 49m54s.386][lvl:16] 0⁹⁵.0⁸¹.0⁷⁴.0⁶⁸.0⁵⁵.0⁴².0²⁹.3²⁶.2²².0¹⁶.0¹⁴.1⁹.0⁶.0⁴.0².0¹
columns: 0001001 0001201 0002000 0002002 0002102 0002303 0002403 0011502 0023101 0023201 0023504 0113200 0121100 0131304 0134003 0134201

[ 49m58s.536][lvl:16] 0⁹⁵.0⁸¹.0⁷⁴.0⁶⁸.0⁵⁵.0⁴².0²⁹.3²⁶.2²².0¹⁶.0¹⁴.2⁹.0⁵.0⁴.0².0¹
columns: 0001001 0001201 0002000 0002002 0002102 0002303 0002403 0011502 0023101 0023201 0023504 0121100 0122204 0131304 0134003 0134201

[ 50m12s.590][lvl:16] 0⁹⁵.0⁸¹.0⁷⁴.0⁶⁸.0⁵⁵.0⁴².0²⁹.3²⁶.2²².0¹⁶.1¹⁴.0⁸.0⁵.0⁴.0².0¹
columns: 0001001 0001201 0002000 0002002 0002102 0002303 0002403 0011502 0023101 0023201 0024201 0033201 0122204 0131304 0134003 0134201

[ 50m27s.349][lvl:16] 0⁹⁵.0⁸¹.0⁷⁴.0⁶⁸.0⁵⁵.0⁴².0²⁹.3²⁶.2²².0¹⁶.2¹⁴.0¹⁰.0⁶.0⁴.0².0¹
columns: 0001001 0001201 0002000 0002002 0002102 0002303 0002403 0011502 0023101 0023201 0024404 0033201 0113200 0131304 0134003 0134201

[ 50m28s.739][lvl:16] 0⁹⁵.0⁸¹.0⁷⁴.0⁶⁸.0⁵⁵.0⁴².0²⁹.3²⁶.2²².0¹⁶.2¹⁴.0¹⁰.1⁶.0⁴.0².0¹
columns: 0001001 0001201 0002000 0002002 0002102 0002303 0002403 0011502 0023101 0023201 0024404 0033201 0122204 0131304 0134003 0134201

[ 50m36s.235][lvl:16] 0⁹⁵.0⁸¹.0⁷⁴.0⁶⁸.0⁵⁵.0⁴².0²⁹.3²⁶.2²².0¹⁶.2¹⁴.1¹⁰.0⁶.0⁵.0³.0¹
columns: 0001001 0001201 0002000 0002002 0002102 0002303 0002403 0011502 0023101 0023201 0024404 0113101 0113200 0131304 0134003 0134201

[ 50m43s.662][lvl:16] 0⁹⁵.0⁸¹.0⁷⁴.0⁶⁸.0⁵⁵.0⁴².0²⁹.3²⁶.2²².0¹⁶.2¹⁴.2¹⁰.0⁶.0⁴.0².0¹
columns: 0001001 0001201 0002000 0002002 0002102 0002303 0002403 0011502 0023101 0023201 0024404 0113200 0121100 0131304 0134003 0134201

[  50m49s.61][lvl:16] 0⁹⁵.0⁸¹.0⁷⁴.0⁶⁸.0⁵⁵.0⁴².0²⁹.3²⁶.2²².0¹⁶.2¹⁴.3¹⁰.0⁵.0⁴.0².0¹
columns: 0001001 0001201 0002000 0002002 0002102 0002303 0002403 0011502 0023101 0023201 0024404 0121100 0122204 0131304 0134003 0134201

[ 52m12s.930][lvl:16] 0⁹⁵.0⁸¹.0⁷⁴.0⁶⁸.0⁵⁵.0⁴².0²⁹.3²⁶.2²².2¹⁶.0¹¹.0⁸.0⁶.0⁴.0².0¹
columns: 0001001 0001201 0002000 0002002 0002102 0002303 0002403 0011502 0023101 0024201 0033201 0113200 0131100 0131304 0134003 0134201

[ 52m17s.154][lvl:16] 0⁹⁵.0⁸¹.0⁷⁴.0⁶⁸.0⁵⁵.0⁴².0²⁹.3²⁶.2²².2¹⁶.0¹¹.1⁸.0⁵.0⁴.0².0¹
columns: 0001001 0001201 0002000 0002002 0002102 0002303 0002403 0011502 0023101 0024201 0033201 0122204 0131100 0131304 0134003 0134201

[ 52m27s.200][lvl:16] 0⁹⁵.0⁸¹.0⁷⁴.0⁶⁸.0⁵⁵.0⁴².0²⁹.3²⁶.2²².2¹⁶.1¹¹.0⁷.0⁶.0⁴.0².0¹
columns: 0001001 0001201 0002000 0002002 0002102 0002303 0002403 0011502 0023101 0024201 0113101 0113200 0131100 0131304 0134003 0134201

[  53m7s.708][lvl:16] 0⁹⁵.0⁸¹.0⁷⁴.0⁶⁸.0⁵⁵.0⁴².0²⁹.3²⁶.2²².3¹⁶.0¹¹.0⁷.0⁵.0⁴.0².0¹
columns: 0001001 0001201 0002000 0002002 0002102 0002303 0002403 0011502 0023101 0024404 0033201 0113200 0131100 0131304 0134003 0134201

[ 53m11s.114][lvl:16] 0⁹⁵.0⁸¹.0⁷⁴.0⁶⁸.0⁵⁵.0⁴².0²⁹.3²⁶.2²².3¹⁶.0¹¹.1⁷.0⁵.0⁴.0².0¹
columns: 0001001 0001201 0002000 0002002 0002102 0002303 0002403 0011502 0023101 0024404 0033201 0122204 0131100 0131304 0134003 0134201

[  53m22s.30][lvl:16] 0⁹⁵.0⁸¹.0⁷⁴.0⁶⁸.0⁵⁵.0⁴².0²⁹.3²⁶.2²².3¹⁶.1¹¹.0⁷.0⁶.0⁴.0².0¹
columns: 0001001 0001201 0002000 0002002 0002102 0002303 0002403 0011502 0023101 0024404 0113101 0113200 0131100 0131304 0134003 0134201

[ 76m28s.941][lvl:16] 0⁹⁵.0⁸¹.0⁷⁴.0⁶⁸.0⁵⁵.0⁴².0²⁹.6²⁶.0¹⁶.0¹⁴.1¹³.0¹⁰.0⁶.0⁵.0³.0¹
columns: 0001001 0001201 0002000 0002002 0002102 0002303 0002403 0023101 0023201 0023504 0024404 0033201 0113200 0131304 0134003 0134201

[ 76m36s.679][lvl:16] 0⁹⁵.0⁸¹.0⁷⁴.0⁶⁸.0⁵⁵.0⁴².0²⁹.6²⁶.0¹⁶.0¹⁴.1¹³.1¹⁰.0⁶.0⁵.0³.0²
columns: 0001001 0001201 0002000 0002002 0002102 0002303 0002403 0023101 0023201 0023504 0024404 0113101 0113200 0131304 0134003 0134102

[ 76m36s.865][lvl:16] 0⁹⁵.0⁸¹.0⁷⁴.0⁶⁸.0⁵⁵.0⁴².0²⁹.6²⁶.0¹⁶.0¹⁴.1¹³.1¹⁰.0⁶.0⁵.0³.1²
columns: 0001001 0001201 0002000 0002002 0002102 0002303 0002403 0023101 0023201 0023504 0024404 0113101 0113200 0131304 0134003 0134201

[ 76m37s.250][lvl:16] 0⁹⁵.0⁸¹.0⁷⁴.0⁶⁸.0⁵⁵.0⁴².0²⁹.6²⁶.0¹⁶.0¹⁴.1¹³.1¹⁰.0⁶.0⁵.1³.0¹
columns: 0001001 0001201 0002000 0002002 0002102 0002303 0002403 0023101 0023201 0023504 0024404 0113101 0113200 0131304 0134102 0134201

[ 76m45s.814][lvl:16] 0⁹⁵.0⁸¹.0⁷⁴.0⁶⁸.0⁵⁵.0⁴².0²⁹.6²⁶.0¹⁶.0¹⁴.1¹³.2¹⁰.0⁶.0⁴.0².0¹
columns: 0001001 0001201 0002000 0002002 0002102 0002303 0002403 0023101 0023201 0023504 0024404 0113200 0121100 0131304 0134003 0134201

[ 76m50s.871][lvl:16] 0⁹⁵.0⁸¹.0⁷⁴.0⁶⁸.0⁵⁵.0⁴².0²⁹.6²⁶.0¹⁶.0¹⁴.1¹³.3¹⁰.0⁵.0⁴.0².0¹
columns: 0001001 0001201 0002000 0002002 0002102 0002303 0002403 0023101 0023201 0023504 0024404 0121100 0122204 0131304 0134003 0134201

[113m11s.263][lvl:16] 0⁹⁵.0⁸¹.0⁷⁴.0⁶⁸.0⁵⁵.0⁴².1²⁹.1²².1²⁰.0¹³.1¹⁰.1⁸.0⁵.0⁴.0³.0¹
columns: 0001001 0001201 0002000 0002002 0002102 0002303 0010304 0011502 0014102 0023201 0024404 0113200 0121100 0122000 0131304 0134003

[113m14s.857][lvl:16] 0⁹⁵.0⁸¹.0⁷⁴.0⁶⁸.0⁵⁵.0⁴².1²⁹.1²².1²⁰.0¹³.1¹⁰.2⁸.0⁵.0⁴.0³.0¹
columns: 0001001 0001201 0002000 0002002 0002102 0002303 0010304 0011502 0014102 0023201 0024404 0121100 0122000 0122204 0131304 0134003

[117m18s.542][lvl:16] 0⁹⁵.0⁸¹.0⁷⁴.0⁶⁸.0⁵⁵.0⁴².1²⁹.1²².2²⁰.1¹⁶.1¹³.1¹⁰.0⁶.0⁴.0³.0¹
columns: 0001001 0001201 0002000 0002002 0002102 0002303 0010304 0011502 0023201 0024404 0032501 0113200 0121100 0122000 0131304 0134201

[117m28s.578][lvl:16] 0⁹⁵.0⁸¹.0⁷⁴.0⁶⁸.0⁵⁵.0⁴².1²⁹.1²².2²⁰.1¹⁶.1¹³.2¹⁰.0⁶.0⁵.0⁴.0²
columns: 0001001 0001201 0002000 0002002 0002102 0002303 0010304 0011502 0023201 0024404 0032501 0121100 0122000 0122204 0131304 0134002

[117m28s.699][lvl:16] 0⁹⁵.0⁸¹.0⁷⁴.0⁶⁸.0⁵⁵.0⁴².1²⁹.1²².2²⁰.1¹⁶.1¹³.2¹⁰.0⁶.0⁵.0⁴.1²
columns: 0001001 0001201 0002000 0002002 0002102 0002303 0010304 0011502 0023201 0024404 0032501 0121100 0122000 0122204 0131304 0134201

[ 118m1s.644][lvl:16] 0⁹⁵.0⁸¹.0⁷⁴.0⁶⁸.0⁵⁵.0⁴².1²⁹.1²².2²⁰.1¹⁶.3¹³.0⁷.0⁵.0⁴.0².0¹
columns: 0001001 0001201 0002000 0002002 0002102 0002303 0010304 0011502 0023201 0024404 0113200 0121100 0122000 0131304 0134003 0134201

[118m15s.417][lvl:16] 0⁹⁵.0⁸¹.0⁷⁴.0⁶⁸.0⁵⁵.0⁴².1²⁹.1²².2²⁰.1¹⁶.4¹³.0⁷.0⁶.0⁵.1³.0¹
columns: 0001001 0001201 0002000 0002002 0002102 0002303 0010304 0011502 0023201 0024404 0121100 0122000 0122204 0131304 0134003 0134201

[  121m12s.3][lvl:16] 0⁹⁵.0⁸¹.0⁷⁴.0⁶⁸.0⁵⁵.0⁴².1²⁹.1²².3²⁰.1¹⁴.0¹¹.0⁸.0⁷.0⁵.0³.0¹
columns: 0001001 0001201 0002000 0002002 0002102 0002303 0010304 0011502 0024201 0032501 0033201 0113200 0122000 0131100 0134002 0134404

