10111 10021 10012 10233 10201 11022 12013 10031 10242 10102 10005 01311 02343 11005 00042
10111 10021 10012 10233 02001 10102 10143 10004 11022 12013 12305 10242 01302 00033 10305
10111 10021 10012 10205 11105 00302 10102 10004 10143 12305 10030 10120 01001 02033 12004
10111 10021 10012 10205 11105 10003 10030 10120 10102 00042 12005 11031 02343 01311 12031
10111 10021 12022 10013 12013 11022 00033 11031 10004 01302 02001 12305 10242 10305 11004
10111 10021 12022 10013 12013 11022 10031 10004 10201 11031 12005 01343 11005 02042 00311
10111 10021 12022 10013 10120 10210 10201 01343 10030 10003 11031 12005 02042 00311 11005
10111 10021 12022 10013 10120 10210 10201 10242 11004 01001 10305 10030 00302 02033 11305
10111 11205 10210 10120 10233 12105 00001 10201 02302 01033 10004 10143 10242 10305 11004
10111 11205 10210 10120 10233 12105 10005 10102 10143 00311 10201 10031 12031 01343 02042
10111 11205 11105 10205 00001 01033 10305 10120 10143 02302 11004 12005 10004 12105 12305
10111 11205 11105 10205 10005 10102 10305 10120 11031 00042 01311 12005 12105 12031 02343
10022 10013 11013 10210 12022 10120 02033 12031 11004 00302 01001 10305 10030 11305 12004
10022 10013 11013 10210 12022 10120 11031 11004 10003 12031 10005 00343 02311 12005 01042
10022 10013 11013 11022 10031 00042 01311 11004 10003 11031 12005 12105 12205 02343 10201
10022 10013 11013 11022 10031 10004 00302 02033 11004 10143 12105 01001 10242 12205 12305
10022 10013 11205 02001 00033 10004 01302 11105 10143 10030 11305 12013 12022 12031 12004
10022 10013 11205 02001 00033 10004 01302 11105 10143 10030 11305 12005 12105 12205 12305
10022 10013 11205 11005 10031 00042 10003 11305 01311 11105 12005 12105 12205 02343 10201
10022 10013 11205 11005 10031 10004 10201 11105 12013 12022 01042 02311 00343 10102 12031
10022 10233 10210 11013 10012 10120 10102 10143 10003 00343 12031 10005 01042 02311 12005
10022 10233 10210 11013 10012 10120 00001 10003 10143 10030 12004 11305 02302 01033 12305
10022 10233 11022 11013 10031 10004 10012 10143 12013 01033 12305 12004 02302 00001 11305
10022 10233 11022 11013 10031 01311 10012 00042 10102 11005 02343 12031 12004 10005 12013
10105 10233 10210 12205 01302 10242 10021 10003 10012 10030 11305 12004 02001 00033 11004
10105 10233 10210 12205 01302 10242 10305 12105 10005 02001 11205 00033 11004 11305 12004
10105 10233 10210 12205 10201 01343 00311 12105 10005 11005 10031 12031 02042 11205 11305
10105 10233 10210 12205 10201 10242 10021 10012 11005 02311 10003 11031 10031 01042 00343
10105 10205 11022 11013 02033 10005 10305 11004 10143 12305 12105 01001 00302 10242 12205
10105 10205 11022 11013 11031 02042 10102 10005 00311 10003 01343 12004 12013 12022 12031
10105 10205 11022 11013 11031 02042 10102 10005 00311 10003 01343 12005 12105 12205 12305
10105 10205 11022 11013 11031 11004 10305 00001 10030 01033 12013 12022 12004 02302 10242
10105 10205 11105 11005 10021 02311 00343 10031 10003 10012 01042 12005 12205 11031 12305
10105 10205 11105 11005 10021 11305 10030 10012 00302 10004 02033 12004 12205 12305 01001
10105 10205 11105 11005 11205 00001 01033 10030 10305 11305 12013 12022 12004 02302 10242
10105 10205 11105 11005 11205 10005 10305 10102 02311 00343 12031 12013 12022 01042 10201
